##FastQC	0.10.1
>>Basic Statistics	pass
#Measure	Value	
Filename	t2.1.fq	
File type	Conventional base calls	
Encoding	Sanger / Illumina 1.9	
Total Sequences	26752598	
Filtered Sequences	0	
Sequence length	50-90	
%GC	37	
>>END_MODULE
>>Per base sequence quality	pass
#Base	Mean	Median	Lower Quartile	Upper Quartile	10th Percentile	90th Percentile
1	37.618923963945484	39.0	37.0	39.0	35.0	39.0
2	37.55226490526266	39.0	37.0	39.0	35.0	39.0
3	37.55697457869326	39.0	37.0	39.0	35.0	39.0
4	38.86683465284381	40.0	38.0	41.0	36.0	41.0
5	38.83826890382758	40.0	38.0	41.0	35.0	41.0
6	38.78214508362889	40.0	38.0	41.0	35.0	41.0
7	38.75036876792303	40.0	38.0	41.0	35.0	41.0
8	38.699534228414	40.0	38.0	41.0	35.0	41.0
9	38.72176848020518	40.0	38.0	41.0	35.0	41.0
10-14	38.565877160790144	40.0	38.0	41.0	34.0	41.0
15-19	38.290645140333666	40.0	37.8	41.0	34.0	41.0
20-24	38.34833389265596	40.0	38.0	41.0	34.0	41.0
25-29	38.07945308339773	39.8	37.2	41.0	33.2	41.0
30-34	37.661468766510076	39.0	36.6	40.4	32.6	41.0
35-39	37.40415777936782	39.0	36.0	40.0	32.0	41.0
40-44	37.137481002779616	38.8	35.4	40.0	31.4	41.0
45-49	36.52707859625447	38.0	34.6	40.0	30.6	41.0
50-54	35.950984898608645	37.4	34.0	40.0	29.8	41.0
55-59	35.26935339462652	36.2	33.4	39.0	28.8	40.6
60-64	34.57208919406447	35.2	32.8	38.4	28.4	40.0
65-69	33.69830250899834	34.6	31.8	36.8	27.8	39.2
70-74	33.4601759615455	34.6	32.0	36.0	27.8	38.4
75-79	32.88673137804743	34.0	31.4	35.2	27.0	36.8
80-84	32.43459226685822	34.0	31.0	35.0	26.8	36.0
85-89	32.15367929805485	34.0	31.0	35.0	26.2	35.0
90	32.318888353446084	34.0	31.0	35.0	27.0	35.0
>>END_MODULE
>>Per sequence quality scores	pass
#Quality	Count
24	6.0
25	144.0
26	1777.0
27	13284.0
28	61848.0
29	195790.0
30	471820.0
31	919522.0
32	1514623.0
33	2199646.0
34	2896140.0
35	3546433.0
36	4149340.0
37	4579206.0
38	4218523.0
39	1897463.0
40	87033.0
>>END_MODULE
>>Per base sequence content	warn
#Base	G	A	T	C
1	20.643202577932804	32.96479093357587	24.685965078980367	21.706041409510956
2	18.953871321207757	27.62394889647727	32.45712435106303	20.965055431251947
3	17.654715254196994	30.249413533594012	34.02023982867009	18.0756313835389
4	17.53082074496092	30.761214294028566	33.47190429878997	18.236060662220545
5	18.644536878250104	30.69987071909801	31.934154581921355	18.721437820730532
6	19.27983218676556	30.25744639828999	31.075505264946607	19.387216149997844
7	18.831550490909333	30.916062806311373	31.327574241574595	18.924812461204702
8	18.795254950565923	30.914608741924805	31.158734564770118	19.131401742739154
9	18.991000425454008	30.518363113743195	30.892038971317852	19.598597489484945
10-14	18.68549151418452	31.546463267007656	31.194071899967796	18.57397331884003
15-19	18.573371592346817	31.226670630094844	31.416065321327412	18.783892456230923
20-24	18.60068618382409	31.20279682743336	31.340444767270824	18.856072221471724
25-29	18.638732582158937	31.206970627675112	31.435847838030533	18.718448952135418
30-34	18.578193415084396	31.223591817138658	31.446672207312353	18.751542560464596
35-39	18.75474449247882	31.093718075530457	31.42474760769029	18.72678982430043
40-44	18.72404018480747	31.269396714292945	31.234869974123637	18.771693126775947
45-49	18.834322558130616	31.117312045731033	31.18591996186688	18.862445434271468
50-54	18.88146769579235	31.042020743391664	31.222487240000213	18.854024320815768
55-59	18.79123112522077	31.201962192734623	31.243526636339723	18.763280045704885
60-64	18.770099675643532	31.218128436482644	31.26055842686153	18.751213461012295
65-69	18.696673394863144	31.217372557802943	31.36496171511206	18.720992332221854
70-74	18.60569352662759	31.33527839140564	31.381834008221965	18.677194073744808
75-79	18.527711166858776	31.41362097448835	31.44646368397864	18.61220417467424
80-84	18.353912040837425	31.44673035423497	31.64886458900652	18.550493015921084
85-89	18.016085100840414	31.699128057179056	31.907814689242304	18.37697215273823
90	18.20789913829908	31.417105458824956	31.58598980477813	18.78900559809783
>>END_MODULE
>>Per base GC content	pass
#Base	%GC
1	42.349243987443764
2	39.918926752459704
3	35.73034663773589
4	35.76688140718146
5	37.36597469898064
6	38.66704833676341
7	37.75636295211404
8	37.92665669330508
9	38.58959791493895
10-14	37.259464833024545
15-19	37.35726404857774
20-24	37.456758405295815
25-29	37.357181534294355
30-34	37.32973597554899
35-39	37.48153431677925
40-44	37.49573331158342
45-49	37.69676799240209
50-54	37.73549201660812
55-59	37.55451117092565
60-64	37.52131313665583
65-69	37.417665727084994
70-74	37.28288760037239
75-79	37.13991534153302
80-84	36.90440505675851
85-89	36.39305725357864
90	36.996904736396914
>>END_MODULE
>>Per sequence GC content	warn
#GC Content	Count
0	298.0
1	316.0
2	430.5
3	796.0
4	1367.0
5	2324.5
6	4018.5
7	5899.0
8	8608.0
9	13000.0
10	16361.0
11	20520.0
12	28110.5
13	36982.0
14	48829.0
15	65822.5
16	85239.5
17	112515.5
18	149156.5
19	194406.0
20	225717.5
21	265441.0
22	338868.5
23	433472.5
24	548580.0
25	662332.5
26	773418.5
27	898417.0
28	1005093.0
29	1080330.0
30	1127488.5
31	1180463.5
32	1250406.0
33	1275779.0
34	1300525.5
35	1311572.0
36	1285212.0
37	1241479.5
38	1170308.0
39	1097896.0
40	1062294.0
41	1008779.5
42	914327.0
43	830601.5
44	762747.5
45	704826.0
46	640588.5
47	583843.0
48	537944.0
49	502386.5
50	484620.5
51	458291.0
52	421774.0
53	388708.0
54	351325.0
55	313030.0
56	277391.0
57	245993.5
58	213865.0
59	187560.5
60	173420.5
61	155761.5
62	138545.0
63	121576.5
64	102731.5
65	92010.5
66	80515.5
67	69867.0
68	58015.5
69	45930.0
70	40972.5
71	38106.0
72	34658.0
73	31660.5
74	29684.0
75	31701.5
76	31639.5
77	25402.5
78	17577.0
79	10299.0
80	5821.5
81	3048.5
82	1194.0
83	557.0
84	264.5
85	166.5
86	109.0
87	60.5
88	33.0
89	28.0
90	26.5
91	14.5
92	6.0
93	6.5
94	6.0
95	2.5
96	0.0
97	0.0
98	0.0
99	0.0
100	0.0
>>END_MODULE
>>Per base N content	pass
#Base	N-Count
1	0.0
2	0.0
3	0.0
4	0.0
5	0.0
6	0.0
7	0.0
8	0.0
9	0.0
10-14	4.8593411376345586E-5
15-19	7.475909442514704E-7
20-24	0.0
25-29	0.0
30-34	0.0
35-39	0.0
40-44	0.0
45-49	0.0
50-54	3.685490389057138E-5
55-59	0.0
60-64	0.0
65-69	2.089393428113523E-5
70-74	8.253078608774578E-7
75-79	8.502526525757129E-7
80-84	0.0
85-89	0.0
90	0.0
>>END_MODULE
>>Sequence Length Distribution	warn
#Length	Count
50	70258.0
51	90325.0
52	84480.0
53	88210.0
54	89177.0
55	100958.0
56	106077.0
57	110224.0
58	108622.0
59	111242.0
60	115273.0
61	121820.0
62	125156.0
63	138998.0
64	138629.0
65	137649.0
66	128707.0
67	129657.0
68	131685.0
69	132008.0
70	129300.0
71	128428.0
72	130164.0
73	137497.0
74	141674.0
75	148429.0
76	149798.0
77	155794.0
78	165102.0
79	174424.0
80	181123.0
81	197710.0
82	215369.0
83	239034.0
84	260370.0
85	290640.0
86	309134.0
87	330579.0
88	334928.0
89	661434.0
90	2.0012512E7
>>END_MODULE
>>Sequence Duplication Levels	fail
#Total Duplicate Percentage	72.03928165256235
#Duplication Level	Relative count
1	100.0
2	36.37643055985153
3	21.854314877822457
4	14.939684503557068
5	11.501701206309928
6	9.050417568821528
7	7.4450974327250234
8	6.212496133622023
9	5.416022270337148
10++	96.51407361583668
>>END_MODULE
>>Overrepresented sequences	pass
>>END_MODULE
>>Kmer Content	pass
>>END_MODULE
