##FastQC	0.10.1
>>Basic Statistics	pass
#Measure	Value	
Filename	t4.2.fq	
File type	Conventional base calls	
Encoding	Sanger / Illumina 1.9	
Total Sequences	30742878	
Filtered Sequences	0	
Sequence length	100	
%GC	38	
>>END_MODULE
>>Per base sequence quality	pass
#Base	Mean	Median	Lower Quartile	Upper Quartile	10th Percentile	90th Percentile
1	30.680735225895248	31.0	31.0	34.0	27.0	34.0
2	30.58413333976084	31.0	31.0	34.0	26.0	34.0
3	30.713617638530785	31.0	31.0	34.0	26.0	34.0
4	34.200971002129336	37.0	35.0	37.0	30.0	37.0
5	34.16341573485735	37.0	35.0	37.0	28.0	37.0
6	34.34055318438306	37.0	35.0	37.0	30.0	37.0
7	34.56383579312256	37.0	35.0	37.0	30.0	37.0
8	34.34455902274341	37.0	35.0	37.0	30.0	37.0
9	35.73009342196264	38.0	35.0	39.0	30.0	39.0
10-14	36.00468904049907	38.2	35.2	39.4	30.0	39.4
15-19	36.69475781675353	39.0	36.0	41.0	30.0	41.0
20-24	36.46856734102773	39.0	35.2	40.4	29.0	41.0
25-29	36.49710926218423	39.0	35.0	40.6	29.6	41.0
30-34	36.23639596136705	38.6	35.0	40.0	28.8	41.0
35-39	36.1293803332271	38.0	34.8	40.0	28.8	41.0
40-44	35.75733975199069	38.0	34.0	40.0	27.0	41.0
45-49	35.48476886906944	38.0	33.4	40.0	27.0	41.0
50-54	34.742141571781275	37.2	32.8	39.6	26.0	40.4
55-59	35.002461630300196	37.2	33.0	40.0	26.0	41.0
60-64	34.52849489888357	36.4	32.6	39.6	26.0	41.0
65-69	33.64055317137191	35.2	31.4	39.0	25.0	40.4
70-74	32.703539349829256	35.0	31.0	37.6	23.6	40.0
75-79	31.633849251198928	34.2	30.0	36.4	21.2	39.0
80-84	30.606550447228784	34.0	29.2	35.4	19.2	37.6
85-89	29.53421249630565	33.8	29.0	35.0	14.4	36.4
90-94	28.36009164138764	33.0	27.2	35.0	4.0	35.6
95-99	26.96462454816364	32.6	25.4	35.0	2.0	35.0
100	25.93110267685413	32.0	24.0	34.0	2.0	35.0
>>END_MODULE
>>Per sequence quality scores	pass
#Quality	Count
11	14.0
12	1227.0
13	7830.0
14	22464.0
15	45957.0
16	77716.0
17	115235.0
18	159049.0
19	202453.0
20	246979.0
21	292384.0
22	343264.0
23	399751.0
24	468050.0
25	544375.0
26	635962.0
27	744475.0
28	871668.0
29	1021091.0
30	1194554.0
31	1401996.0
32	1668686.0
33	1997907.0
34	2436207.0
35	3031890.0
36	3790827.0
37	4354210.0
38	3696571.0
39	966957.0
40	3129.0
>>END_MODULE
>>Per base sequence content	fail
#Base	G	A	T	C
1	21.979789162551896	18.92012068061399	13.976004221654836	45.124085935179274
2	19.861558405738585	24.400620474372033	41.50945679772839	14.228364322160992
3	16.872437930061377	30.54090975999922	30.528801964182463	22.057850345756943
4	21.764980398019933	34.01155963161888	23.827407457431455	20.39605251292973
5	21.47369227819427	37.499763337563	25.680613517520793	15.345930866721929
6	15.509907183496477	40.671306575584765	27.745077848371576	16.073708392547186
7	14.794243074628085	18.702834674546384	48.2698577716596	18.233064479165925
8	16.328291817118696	25.22089490778379	34.04552582729287	24.405287447804643
9	19.243411388981663	23.548916002940224	36.26145307535533	20.94621953272279
10-14	19.183065123212568	31.725930177076638	29.61459319048364	19.476411509227155
15-19	19.452283988769086	30.153419375170852	30.732236965186754	19.662059670873308
20-24	19.28367295290896	31.010998741589024	30.664913438821316	19.040414866680695
25-29	19.11952469837204	30.69832501601979	30.90569098586553	19.276459299742644
30-34	19.181773178987466	30.670557028204463	30.826391032260435	19.32127876054763
35-39	19.22784635512408	30.686779723612055	30.859034268074907	19.226339653188962
40-44	19.202914204445612	30.695647491515267	30.85105144821838	19.250386855820743
45-49	19.30362179095105	30.60354499534193	30.85662706786066	19.236206145846367
50-54	19.29006848074064	30.735442727425493	30.704092560411755	19.270396231422108
55-59	19.368452146773166	30.581235962572002	30.70741123112382	19.34290065953101
60-64	19.309470567597963	30.579362841434666	30.78310493692133	19.328061654046042
65-69	19.252857319413835	30.763984434374603	30.75909926859199	19.22405897761957
70-74	19.35519003675117	30.697343885267074	30.646927558277614	19.30053851970414
75-79	19.409581618943587	30.646427150307492	30.629264494757468	19.314726735991453
80-84	19.391389533775335	30.71647335166478	30.574301457735686	19.317835656824194
85-89	19.445990850066913	30.700230031251834	30.52148974251	19.332289376171254
90-94	19.458400859520903	30.655414617053527	30.542107569123285	19.344076954302285
95-99	19.42367765524088	30.79109860956997	30.54952178788109	19.235701947308055
100	19.5892153446557	30.37943315657481	30.351529737147054	19.679821761622435
>>END_MODULE
>>Per base GC content	fail
#Base	%GC
1	67.10387509773116
2	34.08992272789958
3	38.93028827581832
4	42.161032910949665
5	36.8196231449162
6	31.583615576043663
7	33.02730755379401
8	40.733579264923335
9	40.18963092170445
10-14	38.65947663243972
15-19	39.114343659642394
20-24	38.32408781958965
25-29	38.39598399811468
30-34	38.50305193953509
35-39	38.45418600831304
40-44	38.453301060266355
45-49	38.539827936797415
50-54	38.56046471216275
55-59	38.71135280630418
60-64	38.63753222164401
65-69	38.47691629703341
70-74	38.65572855645531
75-79	38.72430835493504
80-84	38.70922519059953
85-89	38.77828022623817
90-94	38.80247781382319
95-99	38.65937960254894
100	39.269037106278134
>>END_MODULE
>>Per sequence GC content	warn
#GC Content	Count
0	56.0
1	81.5
2	123.5
3	199.0
4	363.0
5	643.5
6	1337.5
7	2160.0
8	3050.5
9	4758.5
10	7105.5
11	10341.0
12	15187.0
13	20690.0
14	27689.5
15	36938.0
16	48242.5
17	63631.5
18	84288.5
19	111819.0
20	146415.5
21	192556.0
22	251334.0
23	322823.5
24	410716.5
25	508043.0
26	620669.0
27	740915.0
28	849462.5
29	938949.5
30	1026910.5
31	1115160.0
32	1172884.0
33	1200843.0
34	1225093.0
35	1256224.5
36	1275685.5
37	1259928.5
38	1203272.0
39	1137479.0
40	1076075.5
41	1003513.0
42	935755.5
43	886689.0
44	836666.0
45	777222.0
46	722466.0
47	664311.5
48	612714.5
49	579920.5
50	548032.5
51	519426.0
52	489958.5
53	453442.5
54	411298.0
55	372244.0
56	337548.5
57	300053.5
58	265182.0
59	232739.5
60	195148.0
61	161100.5
62	138912.5
63	120448.0
64	108147.5
65	99848.5
66	83751.5
67	71182.0
68	70297.5
69	68153.5
70	54147.5
71	41096.5
72	37026.5
73	35307.5
74	32622.0
75	24607.5
76	20547.5
77	20262.0
78	16151.5
79	10298.0
80	6281.5
81	4223.0
82	2440.5
83	998.5
84	330.0
85	123.0
86	58.0
87	34.0
88	17.5
89	8.5
90	4.0
91	2.5
92	0.5
93	0.0
94	0.0
95	0.0
96	0.0
97	0.0
98	0.0
99	0.0
100	0.0
>>END_MODULE
>>Per base N content	pass
#Base	N-Count
1	0.013730009272391479
2	0.5576250863695975
3	0.0076538052162845645
4	0.006850367099658008
5	0.009407056814914987
6	0.0061835459907169385
7	0.005454921949727674
8	0.07466119470011884
9	0.016472107783793048
10-14	5.783453325352298E-4
15-19	0.0016777869658136757
20-24	0.015961420397921106
25-29	0.002928808421905067
30-34	5.380107874090383E-4
35-39	7.637541286798198E-4
40-44	0.0017766716570907903
45-49	0.0024584555811593177
50-54	0.003565053343411765
55-59	7.962819876525548E-4
60-64	6.128248630463289E-4
65-69	0.0027004628519164665
70-74	0.0014832703691567198
75-79	0.0017864300147826108
80-84	0.0016745341799164022
85-89	0.002018028370668485
90-94	0.003581317272898133
95-99	0.004399718204652147
100	0.0036626369203299706
>>END_MODULE
>>Sequence Length Distribution	pass
#Length	Count
100	3.0742878E7
>>END_MODULE
>>Sequence Duplication Levels	fail
#Total Duplicate Percentage	74.4825821856479
#Duplication Level	Relative count
1	100.0
2	38.68596063228954
3	23.157771613808777
4	16.500685091735456
5	12.445276208936269
6	9.786786084282992
7	8.26621662266484
8	7.0547739197273005
9	5.988704341142265
10++	112.30491595094075
>>END_MODULE
>>Overrepresented sequences	pass
>>END_MODULE
>>Kmer Content	warn
#Sequence	Count	Obs/Exp Overall	Obs/Exp Max	Max Obs/Exp Position
AAAAA	19234130	2.4732704	5.88474	2
TTTTT	19300385	2.3968325	5.0617905	2
GAAGA	6893395	2.2209105	5.051098	2
CGCCG	1620295	1.9835021	5.5434036	1
CGACG	2513150	1.9715606	7.9435396	1
GAAAA	9635055	1.9611135	5.017739	2
CGAGG	2452565	1.9517077	5.2634373	1
CTTCT	5904100	1.8103818	5.335833	1
CGGCG	1452470	1.8036335	5.153897	1
CTCGA	3433345	1.6897959	8.785411	1
TCGAG	3381645	1.6882912	5.108816	7
CGCGG	1343460	1.6682682	5.403801	1
CGCGA	2064875	1.6198897	6.0327134	1
CGAGA	3200905	1.609228	5.4183693	1
CTGGA	3197220	1.5962167	6.831958	1
CTTCC	3303670	1.591789	5.4096527	1
CTCCA	3198655	1.551964	7.0903277	1
CTTTT	7914615	1.5444502	6.5558743	1
ATCGA	4871155	1.5363915	5.6470523	6
CGCCA	1954495	1.5115542	5.6078944	1
CGATC	3061640	1.5068531	5.1424785	4
CTCGT	3041030	1.4863191	7.7040133	1
CTTCG	2970580	1.4518863	6.53453	1
CCGGC	1179375	1.443745	5.0057826	1
CGAAG	2863230	1.4394649	5.346067	1
CTTCA	4561365	1.4084349	5.793812	1
CTCGC	1818070	1.3962858	6.619375	1
CTGGC	1775370	1.3831048	5.0809665	1
CTCCT	2865570	1.3807015	5.0720143	1
CTCGG	1748440	1.362125	8.114733	1
CGAAA	4167160	1.3235354	5.64952	1
GAATC	4047295	1.2765411	5.4001946	4
AATCG	3937330	1.2418574	5.1514525	5
CTTTG	3987670	1.2403327	5.471129	1
CTTGG	2486595	1.232818	5.8358197	1
CTTGA	3859265	1.2087849	5.373331	1
>>END_MODULE
