##FastQC	0.10.1
>>Basic Statistics	pass
#Measure	Value	
Filename	t4.1.fq	
File type	Conventional base calls	
Encoding	Sanger / Illumina 1.9	
Total Sequences	30742878	
Filtered Sequences	0	
Sequence length	100	
%GC	38	
>>END_MODULE
>>Per base sequence quality	pass
#Base	Mean	Median	Lower Quartile	Upper Quartile	10th Percentile	90th Percentile
1	31.633984040140938	31.0	31.0	34.0	30.0	34.0
2	31.798095448318143	31.0	31.0	34.0	30.0	34.0
3	31.87156800999568	31.0	31.0	34.0	30.0	34.0
4	35.49159668785727	37.0	35.0	37.0	33.0	37.0
5	35.49650862225716	37.0	35.0	37.0	33.0	37.0
6	35.51606391568154	37.0	35.0	37.0	33.0	37.0
7	35.56594561511125	37.0	35.0	37.0	33.0	37.0
8	35.486707035040766	37.0	35.0	37.0	33.0	37.0
9	37.05559063143015	39.0	37.0	39.0	33.0	39.0
10-14	37.19299951683118	39.2	37.0	39.4	33.0	39.4
15-19	37.962420369361645	40.0	37.0	41.0	33.0	41.0
20-24	37.708829296983836	39.2	37.0	41.0	32.0	41.0
25-29	37.23895942338255	39.0	36.0	40.2	31.2	41.0
30-34	37.22394539639392	39.0	36.0	40.0	31.0	41.0
35-39	36.77042847452343	38.8	35.4	40.0	30.0	41.0
40-44	36.15366062995143	38.0	34.6	40.0	29.0	41.0
45-49	35.75166838966736	38.0	34.0	40.0	28.0	41.0
50-54	35.39381410549787	38.0	33.4	40.0	27.0	41.0
55-59	34.75003897162783	37.0	32.8	40.0	26.0	41.0
60-64	34.18600603365762	36.0	32.0	39.0	26.0	40.8
65-69	33.16212576454293	35.0	31.0	38.4	23.8	40.0
70-74	32.0815336742383	34.4	30.0	37.4	22.2	39.6
75-79	30.716958796115318	33.8	28.8	36.0	19.8	39.0
80-84	30.032005058212185	33.8	29.0	35.2	17.2	37.4
85-89	28.962967156165405	33.0	27.6	35.0	9.2	36.2
90-94	27.6712517156006	32.4	26.0	34.8	2.0	35.4
95-99	25.76886420327986	31.6	23.2	34.0	2.0	35.0
100	24.476920248000205	31.0	18.0	34.0	2.0	35.0
>>END_MODULE
>>Per sequence quality scores	pass
#Quality	Count
12	2.0
13	54.0
14	551.0
15	4402.0
16	18520.0
17	49964.0
18	97775.0
19	154645.0
20	210094.0
21	257424.0
22	304545.0
23	358979.0
24	429273.0
25	519328.0
26	629832.0
27	760433.0
28	913050.0
29	1086979.0
30	1286501.0
31	1511965.0
32	1774014.0
33	2104591.0
34	2530722.0
35	3106505.0
36	3801903.0
37	4307649.0
38	3589370.0
39	930580.0
40	3228.0
>>END_MODULE
>>Per base sequence content	fail
#Base	G	A	T	C
1	22.351984698246987	19.698983273370796	14.569559134314023	43.37947289406819
2	19.8115081895033	24.944367403741914	41.118011884941524	14.126112521813262
3	17.109239171961253	31.067050312740598	30.52727763074858	21.29643288454957
4	21.841240518433732	34.59479009375208	24.131432349792803	19.432537038021383
5	21.071481986819844	37.96431160413804	25.79121902640345	15.172987382638672
6	15.15929315401115	41.15468629840056	27.888947157126932	15.79707339046136
7	14.555221537814383	18.773502597902514	48.73608450061182	17.935191363671287
8	16.135330595918834	25.281361100935314	34.25366356396431	24.329644739181543
9	19.02129982755681	23.592286968058097	36.52673962405211	20.85967358033298
10-14	18.96272170744717	31.945642174424922	29.75246819767492	19.33916792045299
15-19	19.277028650343016	30.314133894686112	30.853663082551996	19.555174372418875
20-24	19.099285746739405	31.169592967032234	30.753787707867826	18.97733357836054
25-29	19.026656901347465	30.79984235662533	31.02798091833381	19.145519823693398
30-34	19.038646083080625	30.776429797159377	30.973293938386103	19.21163018137389
35-39	19.165293549185247	30.753627024437908	30.92707176538738	19.154007660989457
40-44	19.175462374861088	30.745104757061387	30.91804597701224	19.161386891065284
45-49	19.30654293826719	30.64168081829774	30.90827341856161	19.143502824873458
50-54	19.309263108027817	30.747432299604483	30.73708323599372	19.206221356373987
55-59	19.42457827142924	30.602570780783765	30.70525082264582	19.26760012514118
60-64	19.33322555320193	30.607251306806987	30.79308583452707	19.266437305464013
65-69	19.341722867329953	30.754332558272463	30.720131463564194	19.18381311083339
70-74	19.427344440556283	30.69208874979109	30.617171886119444	19.263394923533184
75-79	19.410249859441432	30.670996418577488	30.653420864398623	19.26533285758246
80-84	19.414894537490778	30.74071033320639	30.54086690935927	19.303528219943566
85-89	19.468141306934143	30.717044751684657	30.49656237309047	19.318251568290723
90-94	19.48083118243578	30.67056154189188	30.50460216655172	19.344005109120616
95-99	19.45655015649924	30.807375744358033	30.461066740842433	19.275007358300293
100	19.62420694640235	30.436763272456147	30.26234563985844	19.67668414128306
>>END_MODULE
>>Per base GC content	fail
#Base	%GC
1	65.73145759231518
2	33.93762071131656
3	38.405672056510824
4	41.273777556455116
5	36.244469369458514
6	30.956366544472512
7	32.49041290148567
8	40.46497533510038
9	39.88097340788978
10-14	38.30188962790016
15-19	38.83220302276189
20-24	38.07661932509994
25-29	38.17217672504086
30-34	38.25027626445452
35-39	38.31930121017471
40-44	38.33684926592637
45-49	38.45004576314065
50-54	38.51548446440181
55-59	38.69217839657042
60-64	38.599662858665944
65-69	38.52553597816335
70-74	38.69073936408947
75-79	38.67558271702389
80-84	38.71842275743434
85-89	38.78639287522487
90-94	38.824836291556394
95-99	38.73155751479953
100	39.300891087685415
>>END_MODULE
>>Per sequence GC content	warn
#GC Content	Count
0	66.0
1	81.0
2	133.0
3	250.5
4	451.0
5	764.0
6	1553.5
7	2401.0
8	3390.5
9	5371.0
10	8063.0
11	11563.0
12	16853.5
13	23187.5
14	30804.0
15	40720.0
16	52656.0
17	69000.5
18	91023.0
19	119766.0
20	155409.0
21	202522.0
22	262788.0
23	336511.0
24	425850.0
25	523378.0
26	636875.0
27	757223.0
28	864074.0
29	950601.0
30	1034535.5
31	1119577.0
32	1173035.5
33	1198125.5
34	1223286.0
35	1254366.0
36	1272303.5
37	1255408.5
38	1195252.0
39	1126993.5
40	1064947.5
41	991632.0
42	924190.5
43	874034.0
44	825123.5
45	768629.0
46	714793.5
47	656529.5
48	604837.0
49	570953.5
50	539125.5
51	512643.0
52	485230.5
53	449819.0
54	405911.5
55	365776.0
56	332735.5
57	296634.5
58	262964.0
59	231232.0
60	193240.5
61	159682.0
62	137946.0
63	118904.0
64	106888.5
65	99302.0
66	83494.5
67	70425.0
68	68840.0
69	66771.0
70	53613.0
71	41691.0
72	37136.5
73	34298.5
74	32226.5
75	25041.0
76	22001.0
77	22723.5
78	17758.5
79	10661.0
80	6590.0
81	4733.0
82	2877.5
83	1262.0
84	475.5
85	186.0
86	79.5
87	35.0
88	17.0
89	10.0
90	9.5
91	7.5
92	3.0
93	0.5
94	0.5
95	1.0
96	1.5
97	1.5
98	3.0
99	8.0
100	9.0
>>END_MODULE
>>Per base N content	pass
#Base	N-Count
1	0.024643105957744098
2	3.578064487000859E-4
3	9.986052704629672E-4
4	0.00793679758934736
5	0.0
6	0.0
7	0.0
8	0.0
9	0.0
10-14	0.0
15-19	0.0
20-24	5.503713738186776E-4
25-29	2.2769501280914557E-4
30-34	1.6979542383767715E-4
35-39	1.971188253747746E-4
40-44	2.0362439716932162E-4
45-49	4.618955974128382E-5
50-54	0.0
55-59	0.0
60-64	1.4377313665948907E-4
65-69	7.806686153456421E-6
70-74	0.0
75-79	5.770442181763204E-4
80-84	3.2527858972735085E-5
85-89	4.228621666455561E-5
90-94	1.7304820973495065E-4
95-99	1.4507425101839848E-4
100	0.0
>>END_MODULE
>>Sequence Length Distribution	pass
#Length	Count
100	3.0742878E7
>>END_MODULE
>>Sequence Duplication Levels	fail
#Total Duplicate Percentage	75.66020958223955
#Duplication Level	Relative count
1	100.0
2	39.73045727870228
3	25.033212138162494
4	17.272059851768983
5	12.797161236190743
6	10.675080408334498
7	8.72954831492099
8	7.182561879457419
9	6.28758215634177
10++	121.89379107817089
>>END_MODULE
>>Overrepresented sequences	pass
>>END_MODULE
>>Kmer Content	warn
#Sequence	Count	Obs/Exp Overall	Obs/Exp Max	Max Obs/Exp Position
AAAAA	19273500	2.4430163	5.8767467	2
GAAGA	6963930	2.233203	5.105235	2
CGAGG	2450290	1.9651972	5.136039	1
CGACG	2477330	1.964171	7.5518417	1
GAAAA	9740505	1.9638182	5.026569	2
CGGCG	1439985	1.8159646	5.1100116	1
TTCCA	5759830	1.7847481	5.1287146	6
TCGAG	3370895	1.6901289	5.239252	7
CGCGG	1337400	1.686595	5.150582	1
CTCGA	3393935	1.6822278	8.295695	1
CGCGA	2049500	1.6249626	5.87945	1
CGAGA	3206285	1.6167272	5.369315	1
CTGGA	3181035	1.5949352	6.8660283	1
CTTTT	7959280	1.5508157	6.132075	1
CTCCA	3130450	1.5338923	5.7620373	1
ATCGA	4857805	1.5313013	5.7543273	6
TCCAA	4903120	1.5279171	5.0773754	7
CGCCA	1915730	1.5015384	5.07009	1
CTCGT	2995755	1.47648	7.3256736	1
CCGGC	1183240	1.4751258	5.1689224	1
CTTCG	2944145	1.4510436	5.749835	1
CGAAG	2866585	1.4454379	5.2378488	1
CTGGC	1776600	1.4006351	5.119813	1
CTTCA	4514085	1.39874	5.1566153	1
CTCGC	1771635	1.3807541	6.1135836	1
CTCGG	1725315	1.360203	7.367988	1
CGAAA	4192160	1.3289801	5.5607777	1
GAATC	4045355	1.2751967	5.545362	4
AATCG	3925025	1.2372658	5.1990333	5
CTTGG	2476355	1.2346034	5.598246	1
CTTGA	3852980	1.207695	5.2957106	1
>>END_MODULE
