##FastQC	0.10.1
>>Basic Statistics	pass
#Measure	Value	
Filename	t6.2.fq	
File type	Conventional base calls	
Encoding	Sanger / Illumina 1.9	
Total Sequences	32476047	
Filtered Sequences	0	
Sequence length	100	
%GC	38	
>>END_MODULE
>>Per base sequence quality	pass
#Base	Mean	Median	Lower Quartile	Upper Quartile	10th Percentile	90th Percentile
1	30.686051507438698	31.0	31.0	34.0	27.0	34.0
2	30.598415595346317	31.0	31.0	34.0	26.0	34.0
3	30.728884984062255	31.0	31.0	34.0	26.0	34.0
4	34.21311626996968	37.0	35.0	37.0	30.0	37.0
5	34.16899134922424	37.0	35.0	37.0	28.0	37.0
6	34.342023707503564	37.0	35.0	37.0	30.0	37.0
7	34.56417362002217	37.0	35.0	37.0	30.0	37.0
8	34.34408685884708	37.0	35.0	37.0	30.0	37.0
9	35.73006939545321	38.0	35.0	39.0	30.0	39.0
10-14	36.00892545820001	38.2	35.2	39.4	30.0	39.4
15-19	36.69440783849093	39.0	36.0	41.0	30.0	41.0
20-24	36.470124667574225	39.0	35.2	40.4	29.2	41.0
25-29	36.50005143791053	39.0	35.0	40.6	29.6	41.0
30-34	36.23744774109977	38.6	35.0	40.0	28.8	41.0
35-39	36.13329834138989	38.0	34.8	40.0	28.8	41.0
40-44	35.75982237616542	38.0	34.0	40.0	27.0	41.0
45-49	35.489318641520626	38.0	33.4	40.0	27.0	41.0
50-54	34.744440454837374	37.2	32.8	39.6	26.0	40.4
55-59	35.00508983128397	37.2	33.0	40.0	26.0	41.0
60-64	34.530348210174715	36.4	32.6	39.6	26.0	41.0
65-69	33.642738957730906	35.2	31.4	39.0	25.0	40.4
70-74	32.704134490259854	35.0	31.0	37.6	23.6	40.0
75-79	31.636750365584827	34.2	30.0	36.4	21.2	39.0
80-84	30.603749982256154	34.0	29.2	35.4	19.2	37.6
85-89	29.5329057936146	33.8	29.0	35.0	14.0	36.4
90-94	28.36023736509557	33.0	27.2	35.0	4.0	35.4
95-99	26.965233453443396	32.6	25.4	35.0	2.0	35.0
100	25.932110271918255	32.0	24.0	34.0	2.0	35.0
>>END_MODULE
>>Per sequence quality scores	pass
#Quality	Count
11	15.0
12	1277.0
13	8369.0
14	23503.0
15	48169.0
16	82213.0
17	122542.0
18	167972.0
19	214025.0
20	261638.0
21	309394.0
22	362185.0
23	422564.0
24	492835.0
25	576116.0
26	673313.0
27	785954.0
28	919929.0
29	1075882.0
30	1261761.0
31	1482033.0
32	1758037.0
33	2108426.0
34	2571821.0
35	3203174.0
36	4000351.0
37	4588604.0
38	3921922.0
39	1028958.0
40	3065.0
>>END_MODULE
>>Per base sequence content	fail
#Base	G	A	T	C
1	21.14967819768159	18.51258034587286	13.92533787095405	46.412403585491504
2	19.407115893674007	23.946100735516083	42.06067183247782	14.586111538332084
3	16.932504682256326	30.0998778702493	30.761580308471544	22.206037139022825
4	21.866023260985195	33.468228493064004	23.91028587576944	20.75546237018136
5	21.62272365574974	37.095542405534175	25.93435432135871	15.34737961735737
6	15.643407924204025	40.484221191972956	27.66164977003538	16.210721113787635
7	14.878271695494016	18.691183231576165	48.10036345585765	18.33018161707217
8	16.27386580652517	25.27524245405333	34.1769088369678	24.2739829024537
9	19.081927470034284	23.54553029170313	36.454977856296054	20.917564381966535
10-14	19.25071447660326	31.609897083283773	29.553154709845963	19.586233730267004
15-19	19.493502116898384	30.102980881806218	30.686866864328383	19.71665013696701
20-24	19.320881909041137	30.92359593490499	30.658172860560555	19.097349295493313
25-29	19.189235836061187	30.6414781880246	30.82113916896188	19.34814680695233
30-34	19.239253372155986	30.59493220892979	30.752373953781397	19.41344046513282
35-39	19.273260127003095	30.632374243187403	30.791559201028885	19.302806428780624
40-44	19.238994693725576	30.6276790182487	30.796134540248723	19.337191747777002
45-49	19.386512834217896	30.51616560790924	30.794396473163182	19.302925084709678
50-54	19.37159066992739	30.675598348663335	30.636377323005892	19.316433658403383
55-59	19.433850538573974	30.52891003869626	30.63408312530868	19.40315629742108
60-64	19.401447096102125	30.502370672156758	30.68592736077434	19.410254870966774
65-69	19.340531506781655	30.658380585568985	30.68348714155052	19.31760076609884
70-74	19.450124355329987	30.602376958565426	30.572959767336727	19.374538918767865
75-79	19.499231084171473	30.55933466476303	30.561296761307155	19.380137489758344
80-84	19.464475798372565	30.61496383492711	30.49837247657134	19.422187890128985
85-89	19.52499974519136	30.622674409277362	30.431964846199815	19.42036099933146
90-94	19.535361880951086	30.566806955230852	30.466304022397228	19.431527141420833
95-99	19.520295832906793	30.708908131819374	30.465942666602007	19.30485336867182
100	19.65840203318002	30.285434491105452	30.301631644581985	19.754531831132542
>>END_MODULE
>>Per base GC content	fail
#Base	%GC
1	67.56208178317308
2	33.99322743200609
3	39.138541821279155
4	42.62148563116656
5	36.970103273107114
6	31.85412903799166
7	33.20845331256619
8	40.54784870897887
9	39.999491852000816
10-14	38.83694820687026
15-19	39.210152253865395
20-24	38.41823120453445
25-29	38.537382643013515
30-34	38.6526938372888
35-39	38.57606655578372
40-44	38.57618644150257
45-49	38.689437918927574
50-54	38.68802432833077
55-59	38.837006835995055
60-64	38.8117019670689
65-69	38.65813227288049
70-74	38.82466327409785
75-79	38.87936857392982
80-84	38.88666368850155
85-89	38.94536074452282
90-94	38.96688902237192
95-99	38.82514920157862
100	39.41293386431256
>>END_MODULE
>>Per sequence GC content	warn
#GC Content	Count
0	73.0
1	89.5
2	132.0
3	226.0
4	370.5
5	628.0
6	1369.0
7	2169.0
8	2941.5
9	4581.5
10	6960.5
11	9828.5
12	14573.0
13	20524.5
14	27355.5
15	36439.0
16	47801.5
17	63594.5
18	84765.5
19	112357.5
20	147644.5
21	194723.0
22	254974.0
23	328509.5
24	419442.5
25	521546.5
26	639030.5
27	764863.5
28	882461.5
29	978779.0
30	1074388.5
31	1174715.0
32	1238669.0
33	1264257.5
34	1288435.0
35	1324252.0
36	1352780.5
37	1347434.0
38	1281461.0
39	1202164.5
40	1138046.0
41	1058539.0
42	986250.5
43	939149.5
44	880805.5
45	809652.0
46	753056.0
47	696388.0
48	649015.0
49	620269.5
50	589934.5
51	562538.0
52	537219.0
53	505499.5
54	461740.0
55	416463.0
56	374745.5
57	331650.0
58	293365.5
59	258611.5
60	216532.5
61	175708.0
62	148332.0
63	127548.0
64	114697.0
65	104690.5
66	86501.0
67	72765.0
68	72184.5
69	70345.5
70	55261.0
71	41618.0
72	37352.5
73	35388.0
74	31978.0
75	23503.0
76	19580.5
77	19827.0
78	16275.5
79	10431.0
80	6507.0
81	4499.5
82	2639.0
83	1093.5
84	335.0
85	116.5
86	47.5
87	30.0
88	19.5
89	12.0
90	9.0
91	4.0
92	1.5
93	1.5
94	0.5
95	0.0
96	0.0
97	0.0
98	0.0
99	0.0
100	0.0
>>END_MODULE
>>Per base N content	pass
#Base	N-Count
1	0.01356076372225967
2	0.5566071511104784
3	0.007350032471624395
4	0.006731114781303279
5	0.009012796415770675
6	0.005915128771675937
7	0.005163805804320951
8	0.07396836197459623
9	0.015987167403717577
10-14	5.419378780921213E-4
15-19	0.001732969532899124
20-24	0.015919425168956062
25-29	0.0027158477754389257
30-34	4.988291832438844E-4
35-39	7.383903589005152E-4
40-44	0.001635051211743843
45-49	0.002198543437260083
50-54	0.00344438471837413
55-59	7.642555758094573E-4
60-64	5.979791813948292E-4
65-69	0.0026604223106340497
70-74	0.0014743173638097026
75-79	0.001788394997704
80-84	0.0017545238803232427
85-89	0.0021431179724552066
90-94	0.0036143561437757495
95-99	0.00428192507542559
100	0.0037104269494375344
>>END_MODULE
>>Sequence Length Distribution	pass
#Length	Count
100	3.2476047E7
>>END_MODULE
>>Sequence Duplication Levels	fail
#Total Duplicate Percentage	75.78584618476754
#Duplication Level	Relative count
1	100.0
2	39.16441862073736
3	24.08003043508335
4	16.83786401051394
5	12.772359410666112
6	10.218233381752784
7	8.271079753752508
8	7.183371377187521
9	6.150999515805492
10++	121.17486338797814
>>END_MODULE
>>Overrepresented sequences	pass
>>END_MODULE
>>Kmer Content	warn
#Sequence	Count	Obs/Exp Overall	Obs/Exp Max	Max Obs/Exp Position
AAAAA	20113485	2.484734	5.794127	2
TTTTT	20180140	2.3909252	5.109313	2
CGCCG	1702370	1.9359766	5.707247	1
CGACG	2608410	1.9155272	7.985837	1
CGAGG	2541680	1.8976935	5.20345	1
CTTCT	6350440	1.8347344	5.767132	1
CGGCG	1521840	1.7595752	5.422006	1
CGCGG	1439980	1.6649275	5.8014407	1
CTCGA	3536260	1.6356869	8.745998	1
CGAGA	3364395	1.5954597	5.540674	1
CTGGA	3390620	1.5945122	6.946378	1
CTTCC	3528430	1.5918959	5.5915737	1
CTTTT	8488595	1.5705124	7.042614	1
CTCCA	3433900	1.5622517	7.5950036	1
CGCGA	2117675	1.5551484	5.997618	1
CAAAA	8053885	1.5407482	5.1341443	1
ATCGA	4970510	1.4846474	5.3611336	6
CTCGT	3223480	1.4786005	7.9479957	1
CTTCG	3203985	1.4696581	6.9593663	1
CGCCA	2024000	1.4619427	5.6282544	1
CGATC	3158475	1.4609436	5.1081734	4
CGAAG	3070905	1.4562812	5.4292197	1
CTTTC	5007115	1.4466283	5.0360966	1
CCGGC	1254100	1.426193	5.2171445	1
CTTCA	4875665	1.4204743	6.0906954	1
CTGGC	1940080	1.4128693	5.285551	1
CTCCT	3047805	1.3750559	5.348367	1
CTCGG	1874995	1.3654709	8.407185	1
CTCGC	1900430	1.3612614	6.7079873	1
CGAAA	4284785	1.2905699	5.651988	1
GAATC	4208720	1.2571075	5.3108134	4
CTTGG	2688270	1.2536936	6.09903	1
CTTTG	4257010	1.2504512	5.760382	1
CTTGA	4180965	1.2384223	5.624615	1
>>END_MODULE
