##FastQC	0.10.1
>>Basic Statistics	pass
#Measure	Value	
Filename	c5.1.fq	
File type	Conventional base calls	
Encoding	Sanger / Illumina 1.9	
Total Sequences	26705021	
Filtered Sequences	0	
Sequence length	100	
%GC	38	
>>END_MODULE
>>Per base sequence quality	pass
#Base	Mean	Median	Lower Quartile	Upper Quartile	10th Percentile	90th Percentile
1	31.632012571718256	31.0	31.0	34.0	30.0	34.0
2	31.79114691578037	31.0	31.0	34.0	30.0	34.0
3	31.868410700744253	31.0	31.0	34.0	30.0	34.0
4	35.491158385533566	37.0	35.0	37.0	33.0	37.0
5	35.498739993501594	37.0	35.0	37.0	33.0	37.0
6	35.51854967648219	37.0	35.0	37.0	33.0	37.0
7	35.56914199767901	37.0	35.0	37.0	33.0	37.0
8	35.48734621852572	37.0	35.0	37.0	33.0	37.0
9	37.05446717304585	39.0	37.0	39.0	33.0	39.0
10-14	37.19162499067123	39.2	37.0	39.4	33.0	39.4
15-19	37.9684304835409	40.0	37.0	41.0	33.0	41.0
20-24	37.71581803287105	39.2	37.0	41.0	32.0	41.0
25-29	37.24413273443972	39.0	36.0	40.4	31.2	41.0
30-34	37.23381224077674	39.0	36.0	40.4	31.0	41.0
35-39	36.78129928450533	39.0	35.6	40.0	30.0	41.0
40-44	36.166750125379046	38.0	34.6	40.0	29.0	41.0
45-49	35.76492476077813	38.0	34.0	40.0	28.0	41.0
50-54	35.40767596475584	38.0	33.4	40.0	27.0	41.0
55-59	34.77126624989361	37.0	33.0	40.0	26.0	41.0
60-64	34.218707320994056	36.0	32.0	39.0	26.0	40.8
65-69	33.214218359910674	35.0	31.0	38.6	24.2	40.0
70-74	32.151446726066986	34.4	30.2	37.4	22.2	39.8
75-79	30.803908276275088	33.8	28.8	36.0	20.0	39.0
80-84	30.140164615485606	34.0	29.0	35.2	18.0	37.4
85-89	29.100631210887276	33.0	28.0	35.0	10.6	36.2
90-94	27.838701366308605	32.6	26.4	35.0	2.6	35.4
95-99	25.975844018246608	31.8	23.4	34.0	2.0	35.0
100	24.706793377919457	31.0	19.0	34.0	2.0	35.0
>>END_MODULE
>>Per sequence quality scores	pass
#Quality	Count
12	4.0
13	28.0
14	466.0
15	3514.0
16	15438.0
17	41682.0
18	82002.0
19	130538.0
20	176518.0
21	218010.0
22	257272.0
23	303291.0
24	365262.0
25	442397.0
26	538197.0
27	652846.0
28	786320.0
29	935995.0
30	1111916.0
31	1305223.0
32	1538457.0
33	1826486.0
34	2199695.0
35	2697324.0
36	3305982.0
37	3751580.0
38	3161581.0
39	853410.0
40	3587.0
>>END_MODULE
>>Per base sequence content	fail
#Base	G	A	T	C
1	23.5006442333623	20.416496868726217	14.509150361070327	41.57370853684116
2	19.523427090224622	25.167163035930802	41.511022108774945	13.79838776506963
3	16.63158738269173	31.067381470970794	31.3319936213583	20.969037524979175
4	21.620610798941463	34.80939800721982	24.543997944792128	19.025993249046593
5	20.911940117927635	38.097573486274364	25.956826620731732	15.033659775066269
6	14.991783754822736	41.27209635970704	28.087220002560564	15.648899882909658
7	14.45414703100215	18.908751279394238	48.8195871480498	17.817514541553813
8	16.053258299253912	25.253629270690332	34.22386374457447	24.469248685481283
9	19.04426512152902	23.542130897406896	36.47505463485687	20.938549346207218
10-14	18.993258234097627	31.934282320916356	29.75243045118744	19.320028993798584
15-19	19.16053239576183	30.374129269548224	31.00695932798555	19.458379006704398
20-24	19.040482125922157	31.19525438843946	30.822599337302588	18.941664148335803
25-29	19.020788537498863	30.85441403257081	31.02036524529884	19.104432184631488
30-34	18.992374505398235	30.834357743169704	31.040351613359274	19.13291613807279
35-39	19.11907703091513	30.803070401465966	30.971533464501455	19.10631910311745
40-44	19.13438826389766	30.81908742245926	30.953614484535446	19.092909829107636
45-49	19.26989349712983	30.720014013850882	30.962260711548932	19.047831777470353
50-54	19.233790529503796	30.81897145858826	30.81096846918787	19.136269542720076
55-59	19.33108473744383	30.697868619521913	30.774428754610817	19.19661788842344
60-64	19.285316002468125	30.679853404675754	30.855241719446415	19.179588873409706
65-69	19.290921055158208	30.78711896782594	30.78977914230882	19.132180834707032
70-74	19.368450889717717	30.76430279930209	30.679037933413916	19.188208377566276
75-79	19.35456812954085	30.744715272234313	30.71355166402516	19.18716493419967
80-84	19.356149107786116	30.78708843882368	30.605473822491696	19.251288630898504
85-89	19.397334471536805	30.78042619151545	30.56841053081264	19.253828806135107
90-94	19.395893958899897	30.733256888647464	30.58395586218474	19.286893290267898
95-99	19.386965102029226	30.88624717989922	30.544391160760565	19.18239655731098
100	19.51904849653554	30.53784155421559	30.38223785706815	19.560872092180716
>>END_MODULE
>>Per base GC content	fail
#Base	%GC
1	65.07435277020346
2	33.32181485529425
3	37.600624907670905
4	40.646604047988056
5	35.945599892993904
6	30.640683637732398
7	32.271661572555956
8	40.52250698473519
9	39.98281446773624
10-14	38.31328722789621
15-19	38.618911402466225
20-24	37.98214627425796
25-29	38.12522072213035
30-34	38.12529064347102
35-39	38.22539613403258
40-44	38.227298093005295
45-49	38.31772527460018
50-54	38.37006007222387
55-59	38.52770262586726
60-64	38.46490487587783
65-69	38.423101889865244
70-74	38.55665926728399
75-79	38.54173306374052
80-84	38.60743773868462
85-89	38.65116327767191
90-94	38.682787249167795
95-99	38.56936165934021
100	39.079920588716256
>>END_MODULE
>>Per sequence GC content	warn
#GC Content	Count
0	47.0
1	73.5
2	138.0
3	241.5
4	395.0
5	699.5
6	1283.0
7	2129.0
8	3347.5
9	5417.0
10	8173.0
11	11662.5
12	16972.0
13	23230.0
14	30813.5
15	41180.0
16	53753.0
17	70932.5
18	93626.5
19	121831.5
20	157291.0
21	203545.5
22	259210.0
23	325435.0
24	403736.5
25	486590.0
26	579289.0
27	676240.5
28	763114.5
29	829084.0
30	890441.0
31	958406.5
32	1004109.5
33	1017979.0
34	1029600.5
35	1050685.5
36	1071674.5
37	1061603.0
38	1001927.5
39	947181.0
40	904598.5
41	840512.5
42	779790.5
43	738950.5
44	698732.0
45	657848.5
46	622545.5
47	573729.0
48	525505.0
49	494266.0
50	469506.0
51	446496.5
52	418214.0
53	389399.0
54	352964.5
55	315865.5
56	286424.5
57	260185.0
58	237041.0
59	213743.5
60	183727.5
61	152654.0
62	132514.5
63	117479.0
64	105614.0
65	96570.5
66	80998.5
67	66224.5
68	59860.0
69	54354.0
70	43514.0
71	33827.0
72	28210.0
73	23235.5
74	22052.0
75	19428.0
76	15851.0
77	13953.5
78	10248.5
79	6317.0
80	3888.0
81	2487.0
82	1438.0
83	680.0
84	265.5
85	96.0
86	51.5
87	35.0
88	17.5
89	9.0
90	4.0
91	4.5
92	4.0
93	2.0
94	1.0
95	1.0
96	0.5
97	1.0
98	4.0
99	8.5
100	6.0
>>END_MODULE
>>Per base N content	pass
#Base	N-Count
1	0.02479309040797983
2	3.8943987349794633E-4
3	0.0010335135104368575
4	0.007961049721698402
5	0.0
6	0.0
7	0.0
8	0.0
9	0.0
10-14	0.0
15-19	0.0
20-24	6.126188779256156E-4
25-29	2.3965530676796695E-4
30-34	1.932220910816734E-4
35-39	2.1419193042387049E-4
40-44	2.2317900442766925E-4
45-49	4.867998418724329E-5
50-54	0.0
55-59	7.489228336498967E-7
60-64	1.842350170778746E-4
65-69	2.1718762175847007E-5
70-74	1.4978456672997934E-6
75-79	5.781684275777203E-4
80-84	4.418644718534391E-5
85-89	4.71821385199435E-5
90-94	1.7674578874137564E-4
95-99	1.3330826438968162E-4
100	0.0
>>END_MODULE
>>Sequence Length Distribution	pass
#Length	Count
100	2.6705021E7
>>END_MODULE
>>Sequence Duplication Levels	fail
#Total Duplicate Percentage	72.78064393677963
#Duplication Level	Relative count
1	100.0
2	38.99621242135624
3	23.378393369360232
4	15.956957892901857
5	12.067954549056275
6	9.106036354415936
7	7.505427806215432
8	6.2075085973280935
9	5.2661605996735394
10++	98.46753617216842
>>END_MODULE
>>Overrepresented sequences	pass
>>END_MODULE
>>Kmer Content	warn
#Sequence	Count	Obs/Exp Overall	Obs/Exp Max	Max Obs/Exp Position
TTTTT	17424190	2.4397357	5.2636943	2
AAAAA	16878080	2.432981	6.0106044	2
CGAGG	2186415	2.0417898	5.2534194	1
CGACG	2163850	2.001981	7.211783	1
CGGCG	1326335	1.9622898	5.2078376	1
GAAAA	8497945	1.958875	5.0795302	1
TCGAG	2918875	1.6946958	5.29528	7
CTCGA	2939570	1.6908863	8.073991	1
GGAAA	4583915	1.6896876	5.051004	1
CGCGA	1801145	1.6664084	5.678713	1
CGAGA	2752385	1.6073502	5.3624635	1
GATCG	2760815	1.6029264	5.012973	5
CTGGA	2701945	1.5687463	6.5964756	1
CGCCA	1700350	1.5585669	5.0160513	1
CGATC	2707920	1.5576376	5.1334043	4
ATCGA	4264635	1.5483922	5.715526	6
CTTTT	6846230	1.5275599	5.6305823	1
CTTCG	2655040	1.5183663	5.6489315	1
CGAAG	2582980	1.5084202	5.0436435	1
CTCCA	2639140	1.5039983	5.207792	1
CTCGT	2546140	1.4560885	6.720394	1
CTCGC	1570350	1.4310621	5.8761106	1
CTCGG	1474335	1.356138	6.939866	1
CGAAA	3671655	1.3408682	5.531976	1
GAATC	3530550	1.2818626	5.412387	4
CTTGG	2165300	1.2498826	5.4734178	1
AATCG	3382910	1.2282579	5.0410814	5
CTTGA	3320825	1.1987263	5.1172132	1
>>END_MODULE
