##FastQC	0.10.1
>>Basic Statistics	pass
#Measure	Value	
Filename	c1.2.fq	
File type	Conventional base calls	
Encoding	Sanger / Illumina 1.9	
Total Sequences	28103477	
Filtered Sequences	0	
Sequence length	100	
%GC	38	
>>END_MODULE
>>Per base sequence quality	pass
#Base	Mean	Median	Lower Quartile	Upper Quartile	10th Percentile	90th Percentile
1	30.691978220346186	31.0	31.0	34.0	27.0	34.0
2	30.596786867333176	31.0	31.0	34.0	26.0	34.0
3	30.729561719355935	31.0	31.0	34.0	26.0	34.0
4	34.219442633379494	37.0	35.0	37.0	30.0	37.0
5	34.17213930504044	37.0	35.0	37.0	28.0	37.0
6	34.34532527772275	37.0	35.0	37.0	30.0	37.0
7	34.57138591783501	37.0	35.0	37.0	30.0	37.0
8	34.34875556501425	37.0	35.0	37.0	30.0	37.0
9	35.740543954756916	38.0	35.0	39.0	30.0	39.0
10-14	36.00894224582958	38.2	35.2	39.4	30.0	39.4
15-19	36.698389213548204	39.0	36.0	41.0	30.0	41.0
20-24	36.471165322354956	39.0	35.2	40.4	29.2	41.0
25-29	36.498059660020004	39.0	35.0	40.6	29.6	41.0
30-34	36.23977521357944	38.4	35.0	40.0	28.8	41.0
35-39	36.13400514107205	38.0	34.8	40.0	28.8	41.0
40-44	35.7575157194962	38.0	34.0	40.0	27.0	41.0
45-49	35.47889798119998	38.0	33.4	40.0	27.0	41.0
50-54	34.72938417548832	37.2	32.8	39.6	26.0	40.4
55-59	34.98415402478491	37.0	33.0	40.0	26.0	41.0
60-64	34.50906670373918	36.4	32.6	39.6	26.0	41.0
65-69	33.62216422544442	35.2	31.4	38.8	25.0	40.4
70-74	32.69392363087315	35.0	31.0	37.6	23.6	40.0
75-79	31.6350652127493	34.0	30.0	36.4	21.2	39.0
80-84	30.623927210145563	34.0	29.2	35.4	19.4	37.6
85-89	29.55976998148663	33.8	29.0	35.0	14.6	36.4
90-94	28.3922888402741	33.0	27.2	35.0	4.0	35.6
95-99	26.9985697001122	32.6	25.4	35.0	2.0	35.0
100	25.9660865806747	32.0	24.0	34.0	2.0	35.0
>>END_MODULE
>>Per sequence quality scores	pass
#Quality	Count
11	6.0
12	1060.0
13	6777.0
14	19722.0
15	40377.0
16	69248.0
17	103835.0
18	141525.0
19	182288.0
20	222701.0
21	264303.0
22	309747.0
23	361837.0
24	423589.0
25	493544.0
26	580336.0
27	680683.0
28	798375.0
29	934310.0
30	1100799.0
31	1297558.0
32	1539394.0
33	1847295.0
34	2253722.0
35	2794330.0
36	3464388.0
37	3943534.0
38	3330328.0
39	894263.0
40	3603.0
>>END_MODULE
>>Per base sequence content	fail
#Base	G	A	T	C
1	21.280546413616154	18.56440730641662	12.760659449541507	47.394386830425724
2	18.93870664746348	23.32285865082702	43.574573072003005	14.163861629706496
3	16.341676596750762	29.53774239742727	31.713151416897205	22.407429588924764
4	21.820341767613225	33.17497381294235	24.394114256847672	20.61057016259675
5	21.653242339571573	36.87697800083371	26.258612957686093	15.211166701908624
6	15.522985153402317	40.47171084320886	27.937140094126384	16.06816390926244
7	14.890689989361949	18.951902100761316	48.09426959796925	18.06313831190748
8	15.967380028535993	25.153768755322726	34.79550984694059	24.0833413692007
9	19.078401156594797	23.286783813979106	36.96108161998577	20.67373340944033
10-14	19.236612559413803	31.565840019317292	29.71925094396327	19.478296477305634
15-19	19.410273519114394	30.137213957063064	30.845631533474794	19.60688099034775
20-24	19.25386696400779	30.946741638554865	30.773377427343096	19.026013970094247
25-29	19.181773663908924	30.617344098644416	30.913612599519762	19.287269637926894
30-34	19.197928895195897	30.643897727909824	30.841568191178766	19.316605185715513
35-39	19.214614834474308	30.635471352971205	30.88045057799479	19.269463234559694
40-44	19.19169297484959	30.680545128527616	30.869377061574088	19.2583848350487
45-49	19.31439402031977	30.59280739865341	30.899334146073215	19.193464434953608
50-54	19.31300122738591	30.739032952162127	30.718133736321114	19.22983208413085
55-59	19.3717946448843	30.57147418080576	30.722897272419452	19.333833901890486
60-64	19.38814334896509	30.52877246280558	30.761155835156394	19.321928353072938
65-69	19.28986368115225	30.719126552781358	30.79089043240908	19.200119333657312
70-74	19.368323257625793	30.663731638871738	30.61507426734222	19.352870836160253
75-79	19.42949248740055	30.640080670860016	30.618405355357925	19.312021486381507
80-84	19.423677842180446	30.65336737784116	30.571603796386494	19.351350983591903
85-89	19.45999779424725	30.692515056233848	30.50706287453593	19.340424274982972
90-94	19.476741088990266	30.572119055078993	30.553240989087964	19.397898866842773
95-99	19.43719445243629	30.76864242330576	30.563696579319128	19.230466544938825
100	19.57357910438403	30.291445210739315	30.424743107091405	19.71023257778525
>>END_MODULE
>>Per base GC content	fail
#Base	%GC
1	68.67493324404188
2	33.10256827716997
3	38.74910618567552
4	42.43091193020998
5	36.8644090414802
6	31.59114906266476
7	32.95382830126943
8	40.050721397736694
9	39.75213456603513
10-14	38.71490903671943
15-19	39.017154509462145
20-24	38.27988093410204
25-29	38.46904330183582
30-34	38.51453408091141
35-39	38.484078069034005
40-44	38.45007780989829
45-49	38.50785845527337
50-54	38.54283331151676
55-59	38.70562854677478
60-64	38.71007170203803
65-69	38.48998301480957
70-74	38.721194093786046
75-79	38.741513973782055
80-84	38.775028825772345
85-89	38.800422069230216
90-94	38.87463995583304
95-99	38.667660997375116
100	39.28381168216928
>>END_MODULE
>>Per sequence GC content	warn
#GC Content	Count
0	55.0
1	78.0
2	136.0
3	224.5
4	383.0
5	692.5
6	1229.0
7	2026.5
8	3138.5
9	4957.0
10	7461.0
11	10853.0
12	16036.5
13	22089.5
14	29478.5
15	39256.5
16	51063.0
17	67765.5
18	89516.0
19	116065.0
20	150296.0
21	195579.5
22	251555.5
23	318677.0
24	399335.0
25	487585.0
26	585760.0
27	687531.0
28	779333.0
29	853085.0
30	926172.5
31	1002595.5
32	1046753.0
33	1062172.5
34	1072961.0
35	1095175.0
36	1122116.5
37	1112045.0
38	1057971.5
39	1009984.5
40	969220.0
41	901240.0
42	833229.5
43	792876.0
44	751271.0
45	703309.5
46	669052.0
47	622970.0
48	568342.5
49	529530.5
50	503509.0
51	480153.5
52	457577.0
53	435257.0
54	392049.5
55	346457.0
56	312111.0
57	281816.5
58	258150.5
59	238786.0
60	209836.0
61	171802.0
62	145064.5
63	127557.0
64	118001.0
65	106786.0
66	86285.0
67	69128.5
68	61258.0
69	57714.0
70	49309.0
71	39461.5
72	31250.5
73	23245.0
74	20459.5
75	17048.0
76	13075.0
77	10926.5
78	7708.0
79	4777.0
80	2959.5
81	1871.5
82	1043.0
83	461.0
84	193.0
85	93.0
86	44.0
87	25.0
88	12.5
89	5.0
90	3.5
91	2.5
92	1.0
93	1.0
94	0.5
95	0.0
96	0.0
97	0.0
98	0.0
99	0.0
100	0.0
>>END_MODULE
>>Per base N content	pass
#Base	N-Count
1	0.013300845301099219
2	0.5576783257103739
3	0.007127231979160443
4	0.006436925936246252
5	0.008906371265021761
6	0.005995699393352645
7	0.005415699986161854
8	0.07489820565618979
9	0.01579875685844851
10-14	5.657662929038994E-4
15-19	0.001693028944425631
20-24	0.015950339525603898
25-29	0.002822426563090396
30-34	4.917540986120686E-4
35-39	6.97422600057637E-4
40-44	0.0017691761058604954
45-49	0.002407531281627537
50-54	0.003512732606004588
55-59	8.312138743544081E-4
60-64	6.241220614801507E-4
65-69	0.0027042917145092046
70-74	0.0015592376701288597
75-79	0.0019257403630162915
80-84	0.0017812742530043525
85-89	0.0021321205201762046
90-94	0.0036365607003005355
95-99	0.004354621316074164
100	0.0035867448002964188
>>END_MODULE
>>Sequence Length Distribution	pass
#Length	Count
100	2.8103477E7
>>END_MODULE
>>Sequence Duplication Levels	fail
#Total Duplicate Percentage	73.21328244973719
#Duplication Level	Relative count
1	100.0
2	38.08746989823662
3	23.003184960770604
4	15.477355705740697
5	11.646080944612756
6	9.087236852326575
7	7.598850306843781
8	6.226986716383127
9	5.299463994406898
10++	94.30125067971724
>>END_MODULE
>>Overrepresented sequences	pass
>>END_MODULE
>>Kmer Content	warn
#Sequence	Count	Obs/Exp Overall	Obs/Exp Max	Max Obs/Exp Position
AAAAA	17461280	2.4903634	5.633541	2
TTTTT	17864510	2.3983011	5.4333773	2
CGAGG	2312365	2.0203037	5.3373013	1
CGCCG	1510365	2.0176601	5.815902	1
CGACG	2280055	1.9598688	8.054484	1
CGGCG	1409475	1.9138246	5.2489643	1
CGCGG	1320310	1.7927538	5.748959	1
CTTCT	5233775	1.7386256	5.842056	1
CGCGA	1947620	1.6741173	5.902723	1
CTCGA	3030905	1.6294314	9.31076	1
CTTCC	3049795	1.5936793	5.8442345	1
CGAGA	2831345	1.5659937	5.595871	1
CGATC	2887410	1.5522878	5.266806	4
CAAAA	6980475	1.547234	5.0676594	1
CTTTT	7275175	1.536368	7.335501	1
ATCGA	4411585	1.5260683	5.2449646	6
CTGGA	2749690	1.5025403	6.807864	1
CGAAG	2708250	1.4979109	5.5163264	1
CTTCG	2812030	1.4935814	7.3818903	1
CGCCA	1761520	1.4896718	5.437526	1
CTTTC	4443165	1.4759902	5.300495	1
CTCCA	2784675	1.4728538	7.7614117	1
CTCGT	2730015	1.4500201	8.20267	1
CTCGC	1707700	1.426789	6.9233265	1
CTCGG	1649195	1.4005507	8.765427	1
CGAAA	3896290	1.364223	6.097406	1
CTCCT	2596550	1.3568348	5.4740205	1
CTGGC	1589410	1.3497794	5.685006	1
CTTCA	3945930	1.3267688	6.030982	1
GAATC	3652305	1.2634159	5.09777	4
CTTGG	2338020	1.2622223	6.8606896	1
CTTTG	3625650	1.2242091	5.860165	1
CTTGA	3576885	1.2224455	5.99088	1
CTCCG	1127715	0.94220966	5.039472	1
>>END_MODULE
