##FastQC	0.10.1
>>Basic Statistics	pass
#Measure	Value	
Filename	c4.1.fq	
File type	Conventional base calls	
Encoding	Sanger / Illumina 1.9	
Total Sequences	31372368	
Filtered Sequences	0	
Sequence length	100	
%GC	38	
>>END_MODULE
>>Per base sequence quality	pass
#Base	Mean	Median	Lower Quartile	Upper Quartile	10th Percentile	90th Percentile
1	31.639882013369217	31.0	31.0	34.0	30.0	34.0
2	31.804304794588663	31.0	31.0	34.0	30.0	34.0
3	31.881851060780622	31.0	31.0	34.0	30.0	34.0
4	35.49957609192905	37.0	35.0	37.0	33.0	37.0
5	35.49783373062562	37.0	35.0	37.0	33.0	37.0
6	35.515553750995146	37.0	35.0	37.0	33.0	37.0
7	35.56737489500314	37.0	35.0	37.0	33.0	37.0
8	35.48654994739319	37.0	35.0	37.0	33.0	37.0
9	37.05993758583987	39.0	37.0	39.0	33.0	39.0
10-14	37.19478388115299	39.2	37.0	39.4	33.0	39.4
15-19	37.965184413239065	40.0	37.0	41.0	33.0	41.0
20-24	37.71467364529193	39.2	37.0	41.0	32.0	41.0
25-29	37.24081718026513	39.0	36.0	40.2	31.4	41.0
30-34	37.22787322907853	39.0	36.0	40.2	31.0	41.0
35-39	36.77495627999774	39.0	35.6	40.0	30.0	41.0
40-44	36.16327216358039	38.0	34.6	40.0	29.0	41.0
45-49	35.76468636349032	38.0	34.0	40.0	28.0	41.0
50-54	35.4055934317741	38.0	33.4	40.0	27.0	41.0
55-59	34.772771937394076	37.0	33.0	40.0	26.0	41.0
60-64	34.21729168802303	36.0	32.0	39.2	26.0	40.8
65-69	33.19330305573364	35.0	31.0	38.6	24.0	40.0
70-74	32.10893069978014	34.4	30.0	37.4	22.2	39.8
75-79	30.746460605077687	33.8	28.8	36.0	19.8	39.0
80-84	30.057022791521508	33.8	29.0	35.2	17.2	37.4
85-89	28.98783241991806	33.0	27.8	35.0	9.2	36.2
90-94	27.69925506420172	32.4	26.0	34.8	2.0	35.4
95-99	25.810272829899226	31.6	23.4	34.0	2.0	35.0
100	24.524933087613917	31.0	18.0	34.0	2.0	35.0
>>END_MODULE
>>Per sequence quality scores	pass
#Quality	Count
12	1.0
13	52.0
14	579.0
15	4315.0
16	18555.0
17	50250.0
18	98550.0
19	156935.0
20	213272.0
21	263476.0
22	309050.0
23	366193.0
24	436168.0
25	527652.0
26	639776.0
27	773059.0
28	931587.0
29	1107297.0
30	1308113.0
31	1538320.0
32	1809223.0
33	2140293.0
34	2571904.0
35	3148102.0
36	3860812.0
37	4409292.0
38	3707072.0
39	978410.0
40	4060.0
>>END_MODULE
>>Per base sequence content	fail
#Base	G	A	T	C
1	21.353622395116627	19.565039538903665	13.596403353696873	45.48493471228283
2	18.415690533051478	24.174191949685966	43.55451548537717	13.855602031885383
3	16.397767708594547	30.251437990908407	31.987176236288402	21.363618064208644
4	21.75070498543551	33.8125299312584	24.970952155029885	19.4658129282762
5	20.906639881312113	37.574747306291954	26.667473746323516	14.851139066072411
6	14.92495242947552	41.239140762342196	28.24982800150757	15.586078806674713
7	14.375752573092345	19.078295269263705	48.864969325873005	17.68098283177094
8	15.574833241787806	25.59049734466968	35.07463638065192	23.760033032890597
9	18.599354693276577	23.514785367811573	37.29833208637614	20.587527852535707
10-14	18.812486198045363	32.06228168686533	29.939653264299338	19.18557885078997
15-19	19.032743718931258	30.51631614164414	31.088172878757508	19.362767260667095
20-24	18.833564765455225	31.346791765303912	31.031562294069232	18.788081175171634
25-29	18.832620247880044	30.97446564300111	31.229240686042576	18.963673423076273
30-34	18.836914566097608	30.947655053916613	31.16317054078398	19.0522598392018
35-39	18.936918624354508	30.931332731222845	31.188749499750024	18.942999144672626
40-44	18.93404902680846	30.973670561381045	31.14635594581304	18.94592446599746
45-49	19.108606287287007	30.83071640621177	31.16863812104638	18.892039185454838
50-54	19.092227274651375	31.00145452839263	30.914998829543244	18.99131936741275
55-59	19.159521525439203	30.851166861232787	30.926208694224165	19.063102919103844
60-64	19.158655771234322	30.795072220810432	30.977195855499957	19.069076152455285
65-69	19.12922135237807	30.905696641941212	30.970838052773786	18.994243952906935
70-74	19.209436273407455	30.87610556446428	30.870849984106073	19.04360817802219
75-79	19.199831376810092	30.875951328802998	30.860157089283135	19.06406020510377
80-84	19.21192250640121	30.902239144522785	30.776133857767853	19.10970449130815
85-89	19.24861093146781	30.936317810666562	30.70377102908012	19.111300228785506
90-94	19.239169754277786	30.871422986795345	30.70635386575045	19.18305339317642
95-99	19.250079071280343	30.991562238696858	30.731863931722092	19.026494758300707
100	19.356689938100942	30.59973031044389	30.51744133563651	19.526138415818657
>>END_MODULE
>>Per base GC content	fail
#Base	%GC
1	66.83855710739947
2	32.271292564936864
3	37.761385772803195
4	41.21651791371171
5	35.75777894738453
6	30.51103123615023
7	32.05673540486328
8	39.334866274678404
9	39.18688254581229
10-14	37.998065048835336
15-19	38.39551097959835
20-24	37.62164594062686
25-29	37.79629367095632
30-34	37.88917440529941
35-39	37.87991776902713
40-44	37.87997349280592
45-49	38.000645472741844
50-54	38.08354664206413
55-59	38.222624444543044
60-64	38.22773192368961
65-69	38.123465305285
70-74	38.25304445142964
75-79	38.26389158191386
80-84	38.32162699770936
85-89	38.35991116025332
90-94	38.422223147454204
95-99	38.276573829581054
100	38.8828283539196
>>END_MODULE
>>Per sequence GC content	warn
#GC Content	Count
0	77.0
1	102.5
2	162.0
3	301.5
4	553.0
5	962.0
6	1687.0
7	2793.5
8	4441.0
9	7048.0
10	10499.5
11	15149.0
12	21967.0
13	29834.5
14	39850.5
15	52939.5
16	68697.0
17	91085.0
18	119227.0
19	152943.0
20	194192.0
21	246759.5
22	311436.5
23	389992.5
24	482162.0
25	577357.0
26	683527.0
27	797208.0
28	899835.5
29	977348.5
30	1057354.5
31	1146673.0
32	1197179.5
33	1208136.5
34	1226513.0
35	1261609.0
36	1295546.5
37	1289008.5
38	1215280.5
39	1145237.0
40	1090345.0
41	1014586.0
42	945096.0
43	897299.5
44	842915.5
45	775180.5
46	716454.5
47	648966.0
48	584703.5
49	545395.0
50	514625.5
51	482191.5
52	441971.0
53	407107.0
54	369508.5
55	329947.0
56	301042.0
57	276272.5
58	252035.0
59	226974.0
60	194639.5
61	162444.5
62	144317.0
63	129998.5
64	118020.0
65	110545.0
66	94408.0
67	77801.0
68	73026.0
69	68378.0
70	54961.0
71	43317.0
72	37660.0
73	32176.0
74	31263.0
75	27862.5
76	23443.5
77	21587.0
78	16262.0
79	10105.5
80	6313.0
81	4169.5
82	2474.5
83	1162.0
84	443.0
85	172.0
86	71.0
87	37.0
88	19.0
89	8.0
90	7.0
91	4.5
92	2.0
93	1.5
94	1.0
95	0.0
96	0.5
97	0.5
98	0.5
99	5.5
100	6.5
>>END_MODULE
>>Per base N content	pass
#Base	N-Count
1	0.02491364375172445
2	4.016273173896213E-4
3	9.530679992023553E-4
4	0.008195109785783465
5	0.0
6	0.0
7	0.0
8	0.0
9	0.0
10-14	0.0
15-19	0.0
20-24	5.559032075615076E-4
25-29	2.0527618444358422E-4
30-34	1.651134527046221E-4
35-39	1.6830097109660322E-4
40-44	1.7403850420216925E-4
45-49	4.143773909575458E-5
50-54	0.0
55-59	0.0
60-64	1.695759784533957E-4
65-69	1.5300088281509384E-5
70-74	6.375036783962244E-7
75-79	5.437906376719794E-4
80-84	3.697521334698101E-5
85-89	4.3987753809339484E-5
90-94	1.778635262725466E-4
95-99	1.3323826878481088E-4
100	0.0
>>END_MODULE
>>Sequence Length Distribution	pass
#Length	Count
100	3.1372368E7
>>END_MODULE
>>Sequence Duplication Levels	fail
#Total Duplicate Percentage	75.51169776198334
#Duplication Level	Relative count
1	100.0
2	40.98439956463901
3	25.344228875490213
4	17.75650881951523
5	13.352797885389492
6	10.71644524299017
7	8.653663424494239
8	7.357946201820915
9	6.221170291795518
10++	115.13743240675156
>>END_MODULE
>>Overrepresented sequences	pass
>>END_MODULE
>>Kmer Content	warn
#Sequence	Count	Obs/Exp Overall	Obs/Exp Max	Max Obs/Exp Position
AAAAA	20687785	2.5065563	5.663373	2
TTTTT	21595625	2.494555	5.516763	2
CGCCG	1620355	2.0889237	5.4949408	1
CGACG	2429900	1.9637467	7.928912	1
CGAGG	2374350	1.9475013	5.489311	1
CGGCG	1471045	1.9247503	5.2264156	1
CGCGG	1401200	1.8333633	6.069527	1
CTTCT	5937660	1.7789673	5.3417716	1
CGCGA	2117875	1.7115805	6.279722	1
TCGAG	3351145	1.6816189	5.1732635	7
CTCGA	3358535	1.660536	9.098873	1
CGAGA	3200375	1.6213715	5.7929316	1
CTTCC	3341075	1.6121354	5.1779485	1
CTGGA	3152725	1.5820509	7.230532	1
CTTTT	8458300	1.5735228	7.119492	1
CGCCA	1968245	1.567257	5.2429767	1
ATCGA	4958275	1.5367868	5.477316	6
CGATC	3098445	1.5319418	5.332303	4
CAAAA	7886370	1.5242494	5.0002403	1
CTCCA	3104135	1.5121784	6.363259	1
CCGGC	1157055	1.4916482	5.2405286	1
CTTCG	3039965	1.4887432	6.6459007	1
CGAAG	2927790	1.4832747	5.6703296	1
CTTTC	4884230	1.4633517	5.0772147	1
CTCGG	1789205	1.4322206	8.420097	1
CTCGC	1815805	1.4321319	7.0457606	1
CTCGT	2918735	1.4293739	7.909098	1
CTGGC	1749055	1.4000813	5.311806	1
CGAAA	4236800	1.32577	5.847882	1
CTTCA	4377510	1.324119	5.4901924	1
GAATC	4103085	1.2717259	5.333585	4
CTTGG	2488620	1.2369319	6.251582	1
CTTGA	4027655	1.2364827	6.1834583	1
CTTTG	3980245	1.2103149	5.5192013	1
>>END_MODULE
