##FastQC	0.10.1
>>Basic Statistics	pass
#Measure	Value	
Filename	c2.2.fq	
File type	Conventional base calls	
Encoding	Sanger / Illumina 1.9	
Total Sequences	20716238	
Filtered Sequences	0	
Sequence length	50-90	
%GC	37	
>>END_MODULE
>>Per base sequence quality	pass
#Base	Mean	Median	Lower Quartile	Upper Quartile	10th Percentile	90th Percentile
1	37.011928710222385	39.0	37.0	39.0	33.0	39.0
2	36.98732752539337	39.0	37.0	39.0	33.0	39.0
3	36.96550488558782	39.0	37.0	39.0	33.0	39.0
4	38.11557450730195	40.0	38.0	41.0	33.0	41.0
5	38.111453730160854	40.0	37.0	41.0	33.0	41.0
6	38.10041461195802	40.0	37.0	41.0	33.0	41.0
7	38.055758868960666	40.0	37.0	41.0	33.0	41.0
8	38.07290266698037	40.0	37.0	41.0	33.0	41.0
9	38.092483587029655	40.0	37.0	41.0	33.0	41.0
10-14	37.92383776436629	39.6	37.0	41.0	33.0	41.0
15-19	38.00999671851617	39.8	37.0	41.0	33.0	41.0
20-24	37.79395787980424	39.0	37.0	41.0	33.0	41.0
25-29	37.667845851162745	39.0	37.0	41.0	32.6	41.0
30-34	37.40182352606685	39.0	36.0	40.0	31.6	41.0
35-39	37.1185911457476	38.8	35.4	40.0	31.0	41.0
40-44	36.41797781044995	37.8	34.6	39.6	30.6	40.6
45-49	36.68764944677697	38.0	35.0	40.0	31.0	41.0
50-54	36.215981814933826	37.6	34.2	40.0	30.2	41.0
55-59	35.61686806208261	36.4	34.0	39.2	29.6	41.0
60-64	34.96975553100624	35.4	33.2	38.6	29.0	40.0
65-69	34.28519963619762	35.0	33.0	37.2	29.0	39.4
70-74	33.635288495715805	35.0	32.0	36.0	28.8	38.4
75-79	33.04882351727874	34.0	32.0	35.2	27.6	36.8
80-84	32.633318651599765	34.0	31.2	35.0	27.0	36.0
85-89	32.54509559242102	34.0	31.0	35.0	27.0	35.2
90	32.695340038000985	34.0	31.0	35.0	29.0	35.0
>>END_MODULE
>>Per sequence quality scores	pass
#Quality	Count
23	1.0
24	29.0
25	439.0
26	4097.0
27	22832.0
28	87079.0
29	238745.0
30	506278.0
31	869871.0
32	1280854.0
33	1695251.0
34	2106390.0
35	2552949.0
36	3060896.0
37	3478300.0
38	3255449.0
39	1489582.0
40	67196.0
>>END_MODULE
>>Per base sequence content	warn
#Base	G	A	T	C
1	21.112969449375896	32.32423763426545	24.269227839533414	22.293565076825242
2	19.42753469629309	27.12155082570685	32.02063699937102	21.430277478629034
3	18.01041946036915	29.92960207636175	33.582215417897345	18.477763045371756
4	17.903372987255022	30.472543371295828	33.10889101668855	18.515192624760598
5	18.844439321242707	30.436621328262138	31.668545388510218	19.050393961984945
6	19.383758128427512	29.98248132957305	30.90383344731829	19.729927094681145
7	18.917232684146775	30.67139185005305	31.15537945532858	19.255996010471595
8	18.872553929557768	30.667157360673176	31.041723455857355	19.4185652539117
9	19.19078535220253	30.22716870257403	30.767908877646388	19.81413706757705
10-14	18.8430147324307	31.249068692237138	31.049974849561057	18.857941725771106
15-19	18.745179805183636	30.960970837015832	31.242413012755655	19.051436345044877
20-24	18.78874141090392	30.930671434199176	31.18529875865004	19.09528839624687
25-29	18.817485613936512	30.951856587805793	31.21109101414688	19.01956678411082
30-34	18.790724006778767	30.978740697313683	31.197116439251634	19.033418856655917
35-39	18.8970585772036	30.877323592846267	31.223511162472246	19.002106667477882
40-44	18.899842337038365	31.03557781946686	31.024390448290458	19.040189395204322
45-49	19.01275303420543	30.88459508763534	30.969653997096806	19.13299788106242
50-54	19.042915894210775	30.838836620473842	31.013823407770204	19.104424077545175
55-59	18.91576888284461	31.037882733580414	31.086254495657133	18.960093887917846
60-64	18.946891601697033	31.032995752641764	31.033039887917262	18.987072757743938
65-69	18.894034282847176	31.052273975417922	31.103502708782553	18.950189032952352
70-74	18.802668240072965	31.178438071524667	31.110940830853878	18.907952857548487
75-79	18.750701332336416	31.254510708128564	31.162103073758	18.832684885777017
80-84	18.60902858104376	31.2942163799731	31.32057544248627	18.776179596496867
85-89	18.3553343486066	31.553066050261574	31.512583211856178	18.579016389275647
90	18.638337046441634	31.200112221249437	31.110301376426747	19.05124935588218
>>END_MODULE
>>Per base GC content	warn
#Base	%GC
1	43.406534526201135
2	40.857812174922124
3	36.48818250574091
4	36.41856561201562
5	37.89483328322765
6	39.11368522310866
7	38.17322869461837
8	38.29111918346947
9	39.00492241977958
10-14	37.70095645820181
15-19	37.796616150228516
20-24	37.88402980715079
25-29	37.83705239804733
30-34	37.82414286343469
35-39	37.899165244681484
40-44	37.94003173224269
45-49	38.145750915267854
50-54	38.147339971755954
55-59	37.87586277076246
60-64	37.93396435944098
65-69	37.84422331579953
70-74	37.71062109762145
75-79	37.58338621811343
80-84	37.38520817754063
85-89	36.93435073788225
90	37.68958640232382
>>END_MODULE
>>Per sequence GC content	warn
#GC Content	Count
0	173.0
1	182.5
2	250.0
3	482.5
4	865.5
5	1433.0
6	2351.5
7	3699.5
8	5796.0
9	9030.0
10	11433.5
11	14202.0
12	19734.5
13	26395.0
14	35382.5
15	48008.0
16	62518.0
17	83542.5
18	111642.0
19	146333.5
20	169361.0
21	197470.5
22	252988.0
23	324504.5
24	409216.0
25	494336.5
26	577549.0
27	670054.5
28	747039.5
29	799351.5
30	831179.0
31	867478.0
32	918423.5
33	936560.0
34	954299.5
35	963368.0
36	947616.0
37	921874.5
38	876924.5
39	834383.0
40	816449.0
41	777843.0
42	708580.0
43	651150.0
44	605600.5
45	565935.5
46	520050.0
47	478621.5
48	441580.5
49	411242.5
50	398540.0
51	378956.5
52	351703.5
53	321390.5
54	285444.5
55	254364.0
56	228500.0
57	205853.5
58	181493.5
59	162926.0
60	154346.5
61	141053.0
62	124603.5
63	109016.0
64	91950.0
65	78721.5
66	66831.5
67	58478.5
68	49901.0
69	40728.0
70	36404.0
71	33161.0
72	28461.0
73	22756.5
74	19112.0
75	19015.0
76	17379.0
77	13443.5
78	9378.0
79	5885.0
80	3814.0
81	2122.0
82	854.0
83	403.0
84	192.0
85	109.5
86	67.0
87	43.5
88	29.5
89	20.5
90	14.5
91	9.0
92	4.5
93	3.5
94	4.0
95	3.0
96	2.0
97	1.0
98	0.0
99	0.0
100	0.0
>>END_MODULE
>>Per base N content	pass
#Base	N-Count
1	0.0
2	2.3170230038870956E-4
3	9.654262516196231E-6
4	9.654262516196231E-6
5	1.2550541271055102E-4
6	2.6066508793729827E-4
7	2.413565629049058E-5
8	4.827131258098116E-6
9	1.9308525032392463E-5
10-14	0.010072292083147529
15-19	5.309844383907928E-5
20-24	4.827131258098116E-6
25-29	3.8617050064784925E-5
30-34	8.495751014252685E-5
35-39	5.696014884555778E-5
40-44	1.0523146142653893E-4
45-49	3.475534505830644E-5
50-54	6.309324087060946E-5
55-59	3.4906115466629584E-4
60-64	8.827047308740605E-5
65-69	1.124894707298818E-5
70-74	1.985673636436869E-5
75-79	2.143108697894518E-6
80-84	1.1048310671867108E-5
85-89	2.3065829566193218E-6
90	0.0
>>END_MODULE
>>Sequence Length Distribution	warn
#Length	Count
50	48136.0
51	58922.0
52	63015.0
53	63721.0
54	66065.0
55	67324.0
56	64299.0
57	68034.0
58	68740.0
59	68186.0
60	70324.0
61	68865.0
62	70476.0
63	76551.0
64	78965.0
65	76009.0
66	79498.0
67	80542.0
68	82531.0
69	85179.0
70	86755.0
71	85108.0
72	85875.0
73	94774.0
74	95204.0
75	94981.0
76	98985.0
77	105110.0
78	106223.0
79	110073.0
80	116654.0
81	122222.0
82	128282.0
83	137419.0
84	151663.0
85	163108.0
86	174074.0
87	185647.0
88	203343.0
89	419470.0
90	1.6545886E7
>>END_MODULE
>>Sequence Duplication Levels	fail
#Total Duplicate Percentage	68.12371062077749
#Duplication Level	Relative count
1	100.0
2	35.09748922487515
3	20.275022234384622
4	13.569131832797428
5	10.173086132585345
6	7.786823561606349
7	6.398029691455155
8	5.297940753916673
9	4.541287541903263
10++	70.5151535882876
>>END_MODULE
>>Overrepresented sequences	pass
>>END_MODULE
>>Kmer Content	pass
>>END_MODULE
