##FastQC	0.10.1
>>Basic Statistics	pass
#Measure	Value	
Filename	t6.1.fq	
File type	Conventional base calls	
Encoding	Sanger / Illumina 1.9	
Total Sequences	25910390	
Filtered Sequences	0	
Sequence length	50-90	
%GC	38	
>>END_MODULE
>>Per base sequence quality	pass
#Base	Mean	Median	Lower Quartile	Upper Quartile	10th Percentile	90th Percentile
1	37.62890245959247	39.0	37.0	39.0	35.0	39.0
2	37.55934472618899	39.0	37.0	39.0	35.0	39.0
3	37.560973725212165	39.0	37.0	39.0	35.0	39.0
4	38.87285725919216	40.0	38.0	41.0	36.0	41.0
5	38.84586110050833	40.0	38.0	41.0	35.0	41.0
6	38.79098269072754	40.0	38.0	41.0	35.0	41.0
7	38.76058573413986	40.0	38.0	41.0	35.0	41.0
8	38.70920491740958	40.0	38.0	41.0	35.0	41.0
9	38.7311339196361	40.0	38.0	41.0	35.0	41.0
10-14	38.572556105871044	40.0	38.0	41.0	34.2	41.0
15-19	38.29458340843191	40.0	38.0	41.0	34.0	41.0
20-24	38.34909685265254	40.0	38.0	41.0	34.0	41.0
25-29	38.077342278522245	39.8	37.2	41.0	33.2	41.0
30-34	37.649120719526024	39.0	36.6	40.4	32.6	41.0
35-39	37.384337858287736	39.0	36.0	40.0	32.0	41.0
40-44	37.10509287586949	38.6	35.2	40.0	31.4	41.0
45-49	36.47493109134984	38.0	34.6	40.0	30.6	41.0
50-54	35.87824174127968	37.2	34.0	40.0	29.4	41.0
55-59	35.186100279800584	36.2	33.4	39.0	28.8	40.4
60-64	34.48879088157131	35.0	32.6	38.2	28.2	40.0
65-69	33.625660143858354	34.6	31.6	36.4	27.8	39.2
70-74	33.39933604158622	34.4	32.0	36.0	27.8	38.2
75-79	32.83565376072878	34.0	31.2	35.0	27.0	36.6
80-84	32.39200116034755	34.0	31.0	35.0	26.8	36.0
85-89	32.116366200095506	34.0	31.0	35.0	26.0	35.0
90	32.29162673701749	34.0	31.0	35.0	27.0	35.0
>>END_MODULE
>>Per sequence quality scores	pass
#Quality	Count
24	6.0
25	154.0
26	1723.0
27	12916.0
28	59357.0
29	189520.0
30	458533.0
31	894745.0
32	1483366.0
33	2159255.0
34	2849270.0
35	3493691.0
36	4069370.0
37	4420363.0
38	3972965.0
39	1765865.0
40	79291.0
>>END_MODULE
>>Per base sequence content	warn
#Base	G	A	T	C
1	21.17582174563949	32.273921774238055	24.278133212197886	22.272123267924567
2	19.424088174666608	27.115921450815677	32.03862620361947	21.421364170898237
3	18.010728514700087	29.937785575593423	33.59259740976496	18.45888849994153
4	17.873474694900384	30.526665171770862	33.08841742636834	18.511442706960413
5	18.922115799877965	30.470953930064347	31.59857493461117	19.008355335446513
6	19.517610502968115	30.017518069006293	30.803395857800673	19.66147557022492
7	19.019478286509774	30.669245040310084	31.065093964235967	19.246182708944172
8	19.023291428650822	30.62495778720428	30.927322977384748	19.424427806760143
9	19.25506331629898	30.22206921624877	30.687191508888905	19.83567595856334
10-14	18.945346544637616	31.243739863231013	30.956700420608325	18.854213171523053
15-19	18.861171908257653	30.91324831467222	31.168315104481252	19.05726467258887
20-24	18.86605561962038	30.902925463604582	31.10753605436028	19.123482862414765
25-29	18.934017589082988	30.892927509003144	31.124329660804023	19.04872524110984
30-34	18.899171336286333	30.923069085413225	31.11674197107801	19.061017607222432
35-39	19.048279088041514	30.80641240830416	31.114623129949027	19.030685373705296
40-44	19.034092501116348	30.962898667291384	30.92478731505006	19.078221516542207
45-49	19.163050035140344	30.811545484263263	30.866220848084495	19.1591836325119
50-54	19.191862155602042	30.757728137733505	30.892179390821433	19.158230315843024
55-59	19.09748652194157	30.90194455757181	30.943694386193897	19.05687453429272
60-64	19.106998370690885	30.91432934967934	30.91772280037286	19.06094947925692
65-69	18.999261708940757	30.914234583899248	31.06655148282207	19.019952224337928
70-74	18.89897012485276	31.036615283727997	31.05244181376743	19.011972777651813
75-79	18.833946733796726	31.094907628045597	31.14915255587405	18.92199308228363
80-84	18.652995466893426	31.147413714559434	31.341000712110862	18.858590106436278
85-89	18.288886982727323	31.417873209766316	31.618063579527767	18.67517622797859
90	18.4812212812348	31.10084954259386	31.313390693803484	19.104538482367854
>>END_MODULE
>>Per base GC content	warn
#Base	%GC
1	43.44794501356405
2	40.84545234556485
3	36.469617014641614
4	36.3849174018608
5	37.93047113532448
6	39.179086073193034
7	38.26566099545395
8	38.44771923541097
9	39.09073927486232
10-14	37.799559716160665
15-19	37.918436580846524
20-24	37.98953848203514
25-29	37.98274283019283
30-34	37.96018894350876
35-39	38.078964461746814
40-44	38.112314017658555
45-49	38.32223366765224
50-54	38.350092471445066
55-59	38.15436105623429
60-64	38.1679478499478
65-69	38.019213933278685
70-74	37.91094290250457
75-79	37.75593981608035
80-84	37.511585573329704
85-89	36.96406321070591
90	37.58575976360265
>>END_MODULE
>>Per sequence GC content	warn
#GC Content	Count
0	285.0
1	283.5
2	360.5
3	663.0
4	1176.0
5	2068.5
6	3601.0
7	5154.0
8	7443.0
9	11416.0
10	14380.5
11	17821.0
12	24117.5
13	31893.5
14	42562.5
15	57244.5
16	74449.0
17	99031.0
18	131852.0
19	172844.0
20	201309.5
21	236474.0
22	301778.0
23	388502.5
24	496055.5
25	603118.5
26	708661.0
27	829455.0
28	930654.5
29	1000787.0
30	1045820.0
31	1096149.5
32	1164510.0
33	1189730.5
34	1214152.0
35	1228054.0
36	1207175.5
37	1171953.0
38	1112481.5
39	1051442.5
40	1023057.5
41	974650.0
42	888189.0
43	815313.5
44	758795.5
45	712052.0
46	659967.5
47	611615.5
48	571735.5
49	544742.0
50	532900.5
51	511634.0
52	477235.0
53	436400.0
54	391244.5
55	348795.0
56	309505.0
57	272725.5
58	235738.0
59	207016.0
60	190662.0
61	169524.0
62	146360.5
63	125679.0
64	105523.5
65	92270.5
66	78394.0
67	67963.5
68	57531.0
69	47161.5
70	43843.5
71	40968.0
72	35572.0
73	29694.5
74	26773.5
75	28854.0
76	28774.0
77	23475.0
78	16509.5
79	9764.0
80	5452.5
81	2822.0
82	1124.5
83	526.5
84	246.5
85	149.5
86	102.5
87	62.5
88	44.0
89	36.0
90	25.0
91	14.5
92	12.5
93	12.0
94	7.0
95	3.5
96	2.5
97	1.0
98	0.0
99	0.0
100	0.0
>>END_MODULE
>>Per base N content	pass
#Base	N-Count
1	0.0
2	0.0
3	0.0
4	0.0
5	0.0
6	0.0
7	0.0
8	0.0
9	0.0
10-14	5.2488596273541227E-5
15-19	0.0
20-24	3.85945560834862E-6
25-29	0.0
30-34	0.0
35-39	0.0
40-44	0.0
45-49	0.0
50-54	3.8052959593006666E-5
55-59	0.0
60-64	0.0
65-69	2.905970419180587E-5
70-74	0.0
75-79	0.0
80-84	9.143106587703384E-7
85-89	9.717601637610229E-7
90	0.0
>>END_MODULE
>>Sequence Length Distribution	warn
#Length	Count
50	68393.0
51	86959.0
52	81974.0
53	85645.0
54	88191.0
55	99049.0
56	103539.0
57	107720.0
58	106302.0
59	108805.0
60	112963.0
61	119112.0
62	122508.0
63	135445.0
64	135435.0
65	134500.0
66	126176.0
67	127234.0
68	129060.0
69	129476.0
70	126296.0
71	126855.0
72	127482.0
73	135276.0
74	139314.0
75	146041.0
76	147068.0
77	153762.0
78	162690.0
79	171809.0
80	177900.0
81	194433.0
82	211803.0
83	236034.0
84	256477.0
85	286747.0
86	304005.0
87	324011.0
88	330245.0
89	651392.0
90	1.9292264E7
>>END_MODULE
>>Sequence Duplication Levels	fail
#Total Duplicate Percentage	71.98928802132129
#Duplication Level	Relative count
1	100.0
2	36.04624524642241
3	21.218137666661576
4	14.948760633504895
5	10.991645921468606
6	8.671747331123907
7	7.181147578539029
8	5.905890618079631
9	5.09950058799273
10++	95.3876933885181
>>END_MODULE
>>Overrepresented sequences	pass
>>END_MODULE
>>Kmer Content	pass
>>END_MODULE
