##FastQC	0.10.1
>>Basic Statistics	pass
#Measure	Value	
Filename	c6.2.fq	
File type	Conventional base calls	
Encoding	Sanger / Illumina 1.9	
Total Sequences	20895758	
Filtered Sequences	0	
Sequence length	50-90	
%GC	38	
>>END_MODULE
>>Per base sequence quality	pass
#Base	Mean	Median	Lower Quartile	Upper Quartile	10th Percentile	90th Percentile
1	37.00819324190106	39.0	37.0	39.0	33.0	39.0
2	36.980616592133195	39.0	37.0	39.0	33.0	39.0
3	36.95700289982302	39.0	37.0	39.0	33.0	39.0
4	38.10670041259092	40.0	38.0	41.0	33.0	41.0
5	38.10333288699075	40.0	37.0	41.0	33.0	41.0
6	38.092586160310624	40.0	37.0	41.0	33.0	41.0
7	38.04608945030853	40.0	37.0	41.0	33.0	41.0
8	38.06379787706194	40.0	37.0	41.0	33.0	41.0
9	38.07833723954881	40.0	37.0	41.0	33.0	41.0
10-14	37.90568288549284	39.4	37.0	41.0	33.0	41.0
15-19	37.99377172151401	39.8	37.0	41.0	33.0	41.0
20-24	37.77693295452598	39.0	37.0	41.0	33.0	41.0
25-29	37.64597180920644	39.0	36.8	40.8	32.4	41.0
30-34	37.37629091033692	39.0	36.0	40.0	31.6	41.0
35-39	37.083891553491384	38.4	35.4	40.0	31.0	41.0
40-44	36.38044750518263	37.8	34.6	39.6	30.6	40.6
45-49	36.64328141625683	38.0	35.0	40.0	31.0	41.0
50-54	36.16075005477091	37.6	34.0	40.0	30.0	41.0
55-59	35.558234146440604	36.4	34.0	39.2	29.2	41.0
60-64	34.910757833900625	35.4	33.2	38.6	29.0	40.0
65-69	34.23258071193644	35.0	33.0	37.2	29.0	39.4
70-74	33.59310485164757	35.0	32.0	36.0	28.4	38.4
75-79	33.013105627293214	34.0	32.0	35.0	27.4	36.8
80-84	32.60216432195472	34.0	31.0	35.0	27.0	36.0
85-89	32.515265562354536	34.0	31.0	35.0	27.0	35.2
90	32.67434782524878	34.0	31.0	35.0	29.0	35.0
>>END_MODULE
>>Per sequence quality scores	pass
#Quality	Count
23	1.0
24	16.0
25	472.0
26	4130.0
27	23366.0
28	89173.0
29	246286.0
30	517910.0
31	892042.0
32	1313088.0
33	1735031.0
34	2146213.0
35	2597843.0
36	3102457.0
37	3486057.0
38	3208307.0
39	1465326.0
40	68040.0
>>END_MODULE
>>Per base sequence content	warn
#Base	G	A	T	C
1	21.302682582751963	32.01950845717107	24.140588726190263	22.537220233886707
2	19.626641334531346	26.874659768924026	31.917303659002023	21.58139523754261
3	18.12682354604334	29.748460417107648	33.45972103331791	18.6649950035311
4	18.01041235309159	30.365796271463147	33.0412198036185	18.582571571826758
5	18.92255421745559	30.260644347417642	31.634098187116354	19.18270324801042
6	19.474672628724367	29.87205880790559	30.798752125677186	19.85451643769286
7	18.950961898858676	30.58154595249791	31.100172896385832	19.36731925225759
8	18.986356895325688	30.520583676389425	30.979820448715977	19.513238979568914
9	19.26209800688714	30.138665478291383	30.65860837961546	19.94062813520602
10-14	18.96393367551302	31.11280189182376	30.943858151315556	18.979406281347664
15-19	18.876539389854006	30.809496233166385	31.132080546306785	19.18188383067283
20-24	18.915549632907304	30.789653685492603	31.078890386821868	19.21590629477823
25-29	18.95293193980464	30.810720473028642	31.08767153297051	19.14867605419621
30-34	18.94005243958967	30.84090051391051	31.04371219330961	19.175334853190215
35-39	19.026026455087784	30.76226394824799	31.07226579924674	19.139443797417485
40-44	19.019112481763862	30.902463389494933	30.891495602351892	19.18692852638931
45-49	19.1611958968305	30.746048873385686	30.817958236385785	19.274796993398034
50-54	19.186539312294627	30.684152635300126	30.886360382018456	19.24294767038678
55-59	19.052666939638378	30.911171024394296	30.953506613252262	19.08265542271506
60-64	19.082050674671798	30.875596857057563	30.899162226481586	19.14319024178905
65-69	19.03829520268888	30.90577956782914	30.973720756698214	19.082204472783765
70-74	18.919666523453046	31.033266277579756	30.999327483904608	19.04773971506258
75-79	18.895745300617246	31.085423619420688	31.04912684858719	18.969704231374873
80-84	18.74724410057152	31.14463326161131	31.18145679809663	18.926665839720545
85-89	18.478685107172936	31.43191395753454	31.3706725424614	18.71872839283113
90	18.79323091574357	31.076347387638176	30.94626908040083	19.184152616217425
>>END_MODULE
>>Per base GC content	warn
#Base	%GC
1	43.83990281663867
2	41.20803657207395
3	36.79181854957444
4	36.59298392491835
5	38.10525746546601
6	39.32918906641723
7	38.31828115111626
8	38.4995958748946
9	39.202726142093155
10-14	37.94333995686068
15-19	38.058423220526834
20-24	38.13145592768553
25-29	38.101607994000844
30-34	38.115387292779886
35-39	38.165470252505266
40-44	38.20604100815317
45-49	38.43599289022853
50-54	38.42948698268141
55-59	38.13532236235344
60-64	38.22524091646085
65-69	38.120499675472644
70-74	37.96740623851563
75-79	37.86544953199212
80-84	37.67390994029206
85-89	37.19741350000407
90	37.977383531960996
>>END_MODULE
>>Per sequence GC content	warn
#GC Content	Count
0	191.0
1	204.5
2	255.5
3	480.5
4	852.5
5	1436.5
6	2415.5
7	3661.5
8	5682.0
9	8826.0
10	11151.5
11	14090.5
12	19599.0
13	26244.5
14	35367.5
15	48116.5
16	62920.0
17	84684.0
18	114101.5
19	149665.0
20	172761.5
21	201092.0
22	255030.5
23	322804.5
24	403594.5
25	485192.5
26	565171.5
27	652232.0
28	723714.5
29	778246.5
30	814347.5
31	853788.5
32	902828.5
33	921035.5
34	940523.5
35	948869.0
36	931375.5
37	910481.0
38	876708.5
39	835203.0
40	816189.0
41	781466.5
42	718515.0
43	666075.5
44	625653.5
45	590091.5
46	546640.5
47	506749.0
48	469475.0
49	440693.0
50	430361.0
51	409117.0
52	379738.0
53	347400.0
54	309374.5
55	276129.0
56	247253.5
57	220901.5
58	192838.5
59	172095.5
60	162127.5
61	146861.0
62	128114.5
63	111015.5
64	93072.5
65	79304.0
66	66566.5
67	57579.5
68	48604.0
69	40146.0
70	37245.0
71	34579.5
72	30102.5
73	24819.5
74	20868.0
75	18709.0
76	16681.0
77	14455.0
78	11004.5
79	6930.5
80	4228.5
81	2214.0
82	754.0
83	325.5
84	180.5
85	112.5
86	65.5
87	44.0
88	31.0
89	17.5
90	8.0
91	9.0
92	10.5
93	6.0
94	2.0
95	1.5
96	2.0
97	1.0
98	0.0
99	0.0
100	0.0
>>END_MODULE
>>Per base N content	pass
#Base	N-Count
1	0.0
2	1.5792679069120152E-4
3	4.785660323975804E-6
4	4.785660323975804E-6
5	2.0578339393095957E-4
6	3.0628226073445145E-4
7	2.8713961943854824E-5
8	4.785660323975804E-6
9	9.571320647951608E-6
10-14	0.009844103286418228
15-19	5.5513659758119334E-5
20-24	1.9142641295903217E-6
25-29	4.019954672139676E-5
30-34	8.901328202594995E-5
35-39	5.647079182291449E-5
40-44	9.858460267390158E-5
45-49	4.307094291578224E-5
50-54	5.389637179056971E-5
55-59	3.364535882618698E-4
60-64	8.759242630891478E-5
65-69	1.2183480783909521E-5
70-74	3.0105059807230868E-5
75-79	4.260184188637377E-6
80-84	7.692862254685612E-6
85-89	0.0
90	0.0
>>END_MODULE
>>Sequence Length Distribution	warn
#Length	Count
50	49584.0
51	60758.0
52	64763.0
53	65556.0
54	68323.0
55	70237.0
56	66504.0
57	69654.0
58	71174.0
59	70487.0
60	72361.0
61	71347.0
62	73159.0
63	78480.0
64	82329.0
65	78479.0
66	81890.0
67	83211.0
68	85182.0
69	87911.0
70	88509.0
71	87852.0
72	88785.0
73	97361.0
74	98853.0
75	97555.0
76	101911.0
77	108516.0
78	109406.0
79	113685.0
80	120055.0
81	126755.0
82	131765.0
83	142225.0
84	156787.0
85	167708.0
86	179707.0
87	190788.0
88	208420.0
89	428494.0
90	1.6599232E7
>>END_MODULE
>>Sequence Duplication Levels	fail
#Total Duplicate Percentage	68.63032659206581
#Duplication Level	Relative count
1	100.0
2	34.48919748817395
3	19.94937619297906
4	13.535644139533597
5	10.062519018506736
6	7.864671221887189
7	6.197958449749647
8	5.452432985698083
9	4.457937978920579
10++	74.62308777559545
>>END_MODULE
>>Overrepresented sequences	pass
>>END_MODULE
>>Kmer Content	pass
>>END_MODULE
