##FastQC	0.10.1
>>Basic Statistics	pass
#Measure	Value	
Filename	t5.1.fq	
File type	Conventional base calls	
Encoding	Sanger / Illumina 1.9	
Total Sequences	23439238	
Filtered Sequences	0	
Sequence length	50-90	
%GC	37	
>>END_MODULE
>>Per base sequence quality	pass
#Base	Mean	Median	Lower Quartile	Upper Quartile	10th Percentile	90th Percentile
1	37.62297247035079	39.0	37.0	39.0	35.0	39.0
2	37.55474367383445	39.0	37.0	39.0	35.0	39.0
3	37.55549770858592	39.0	37.0	39.0	35.0	39.0
4	38.865491446436955	40.0	38.0	41.0	36.0	41.0
5	38.83838015553236	40.0	38.0	41.0	35.0	41.0
6	38.783391934498894	40.0	38.0	41.0	35.0	41.0
7	38.7555535295132	40.0	38.0	41.0	35.0	41.0
8	38.701701010928765	40.0	38.0	41.0	35.0	41.0
9	38.72430737722788	40.0	38.0	41.0	35.0	41.0
10-14	38.56735468106941	40.0	38.0	41.0	34.0	41.0
15-19	38.28854727273984	40.0	37.8	41.0	34.0	41.0
20-24	38.341592708773206	40.0	38.0	41.0	34.0	41.0
25-29	38.07219342198753	39.8	37.2	41.0	33.2	41.0
30-34	37.647488753687306	39.0	36.6	40.4	32.6	41.0
35-39	37.38238168834669	39.0	36.0	40.0	32.0	41.0
40-44	37.10555137500631	38.6	35.2	40.0	31.4	41.0
45-49	36.47861165964525	38.0	34.6	40.0	30.6	41.0
50-54	35.882807831003035	37.2	34.0	40.0	29.4	41.0
55-59	35.196607638657746	36.2	33.4	39.0	28.6	40.4
60-64	34.49846167059302	35.0	32.6	38.4	28.2	40.0
65-69	33.643775072795236	34.6	31.6	36.4	27.8	39.2
70-74	33.41907743089749	34.4	32.0	36.0	27.8	38.4
75-79	32.85108107373533	34.0	31.2	35.0	27.0	36.8
80-84	32.39808010822841	34.0	31.0	35.0	26.8	36.0
85-89	32.12062182660351	34.0	31.0	35.0	26.0	35.0
90	32.29364402793107	34.0	31.0	35.0	27.0	35.0
>>END_MODULE
>>Per sequence quality scores	pass
#Quality	Count
24	7.0
25	114.0
26	1596.0
27	11630.0
28	53365.0
29	171245.0
30	414506.0
31	810410.0
32	1344045.0
33	1958588.0
34	2578965.0
35	3155401.0
36	3658193.0
37	3980028.0
38	3603666.0
39	1621637.0
40	75842.0
>>END_MODULE
>>Per base sequence content	warn
#Base	G	A	T	C
1	21.09587350919855	32.47443026944818	24.25178668350908	22.17790953784419
2	19.38582218415121	27.278450775575553	32.08498074894756	21.25074629132568
3	17.86453979433973	30.164922596886466	33.79953307355811	18.171004535215694
4	17.799119578887336	30.603618598864006	33.229753458708856	18.367508363539805
5	18.799702447664895	30.52919638428519	31.779800179510953	18.891300988538962
6	19.321792798895597	30.189970339479466	31.049046901610026	19.43918996001491
7	18.952783362667336	30.781525406244008	31.137949109096464	19.127742121992192
8	18.89710749129302	30.792570987162637	31.062055003665222	19.248266517879124
9	19.14434249099736	30.442999042886974	30.901200798421858	19.511457667693804
10-14	18.863433073902442	31.380401315766846	31.03505889268045	18.721106717650258
15-19	18.780370068176875	31.07643798895201	31.241596089784114	18.901595853087
20-24	18.744655756209408	31.049454441299744	31.25484337425719	18.951046428233656
25-29	18.821716815196808	31.02543777233714	31.24698507690395	18.905860335562103
30-34	18.798102566303562	31.059113781770552	31.250114871481742	18.89266878044414
35-39	18.91110709315721	30.963428930582126	31.23476283657344	18.89070113968722
40-44	18.913482597002513	31.067788978464232	31.065520986646412	18.953207437886846
45-49	19.031887470061953	30.950421681796993	31.020728574879442	18.996962273261612
50-54	19.047881867587414	30.906675357999152	31.048578273050946	18.996864501362484
55-59	18.982728527611506	31.050829499409204	31.069357897557943	18.89708407542135
60-64	18.95572628893775	31.069559266102154	31.056720038204077	18.91799440675602
65-69	18.868960489524923	31.07076306042466	31.19431543750374	18.865961012546673
70-74	18.770549694434795	31.18001106962026	31.18819482456206	18.861244411382884
75-79	18.68260428984415	31.246229449148892	31.295578869802892	18.775587391204066
80-84	18.489989494458623	31.30488088443571	31.505853600269358	18.69927602083631
85-89	18.132060318754256	31.57153739256294	31.769875535287966	18.526526753394833
90	18.291504794773594	31.345749184808174	31.51442103596482	18.848324984453413
>>END_MODULE
>>Per base GC content	warn
#Base	%GC
1	43.27378304704274
2	40.63656847547689
3	36.03554432955542
4	36.16662794242714
5	37.69100343620386
6	38.76098275891051
7	38.080525484659525
8	38.14537400917214
9	38.655800158691164
10-14	37.58453979155269
15-19	37.681965921263874
20-24	37.695702184443064
25-29	37.72757715075891
30-34	37.6907713467477
35-39	37.80180823284443
40-44	37.86669003488936
45-49	38.02884974332357
50-54	38.044746368949895
55-59	37.87981260303285
60-64	37.87372069569377
65-69	37.7349215020716
70-74	37.631794105817676
75-79	37.45819168104821
80-84	37.189265515294935
85-89	36.65858707214909
90	37.13982977922701
>>END_MODULE
>>Per sequence GC content	warn
#GC Content	Count
0	288.0
1	318.0
2	427.5
3	728.0
4	1200.5
5	2093.0
6	3586.0
7	5330.0
8	7974.0
9	11945.5
10	14881.5
11	18611.0
12	25367.5
13	33222.5
14	44001.0
15	58464.5
16	75337.5
17	99371.0
18	131273.0
19	172355.5
20	200834.0
21	235137.5
22	298419.0
23	378001.5
24	475541.0
25	573673.5
26	669237.0
27	774932.0
28	862547.5
29	922954.0
30	961082.5
31	1002229.0
32	1057801.0
33	1078000.5
34	1094520.0
35	1098850.0
36	1077891.5
37	1046457.0
38	991307.0
39	936174.5
40	910770.0
41	871632.0
42	796942.5
43	730921.5
44	678922.0
45	634038.0
46	583496.0
47	538044.5
48	500818.5
49	470124.5
50	454388.5
51	430800.5
52	399719.0
53	366758.0
54	326459.0
55	290128.0
56	260358.0
57	233965.0
58	206251.5
59	185028.5
60	173622.0
61	158123.0
62	140030.0
63	123053.0
64	105478.5
65	92264.5
66	78501.5
67	67503.0
68	57334.0
69	47626.5
70	43724.5
71	39483.0
72	33758.5
73	28534.5
74	25339.5
75	25583.5
76	24185.0
77	19209.5
78	13337.0
79	7872.0
80	4425.5
81	2409.0
82	1094.5
83	566.0
84	284.5
85	155.5
86	91.5
87	57.5
88	52.0
89	45.0
90	27.5
91	16.0
92	10.5
93	8.5
94	9.0
95	6.5
96	2.5
97	0.5
98	0.0
99	0.5
100	1.0
>>END_MODULE
>>Per base N content	pass
#Base	N-Count
1	0.0
2	0.0
3	0.0
4	0.0
5	0.0
6	0.0
7	0.0
8	0.0
9	0.0
10-14	4.0103692790695666E-5
15-19	8.532700593765037E-7
20-24	1.7065401187530074E-6
25-29	0.0
30-34	0.0
35-39	0.0
40-44	0.0
45-49	0.0
50-54	3.863194496132556E-5
55-59	8.74145970313828E-7
60-64	0.0
65-69	2.1116607264120244E-5
70-74	1.8863097354916515E-6
75-79	0.0
80-84	0.0
85-89	0.0
90	0.0
>>END_MODULE
>>Sequence Length Distribution	warn
#Length	Count
50	61583.0
51	79150.0
52	75266.0
53	77966.0
54	79180.0
55	89434.0
56	93999.0
57	98439.0
58	96484.0
59	98646.0
60	103172.0
61	108417.0
62	111975.0
63	123257.0
64	123570.0
65	122261.0
66	113884.0
67	113620.0
68	116552.0
69	116313.0
70	114053.0
71	114111.0
72	116018.0
73	122643.0
74	126294.0
75	132675.0
76	133615.0
77	139077.0
78	148732.0
79	157033.0
80	162834.0
81	178579.0
82	193102.0
83	214188.0
84	232929.0
85	260353.0
86	276197.0
87	293977.0
88	300275.0
89	587905.0
90	1.743148E7
>>END_MODULE
>>Sequence Duplication Levels	fail
#Total Duplicate Percentage	68.61541855078858
#Duplication Level	Relative count
1	100.0
2	35.238470080544275
3	20.35956761923504
4	13.743129840738815
5	10.366736481072799
6	8.051615805231863
7	6.550371796854135
8	5.449740655880575
9	4.673816786381974
10++	76.6983877089161
>>END_MODULE
>>Overrepresented sequences	pass
>>END_MODULE
>>Kmer Content	pass
>>END_MODULE
