##FastQC	0.10.1
>>Basic Statistics	pass
#Measure	Value	
Filename	t5.1.fq	
File type	Conventional base calls	
Encoding	Sanger / Illumina 1.9	
Total Sequences	29293469	
Filtered Sequences	0	
Sequence length	100	
%GC	38	
>>END_MODULE
>>Per base sequence quality	pass
#Base	Mean	Median	Lower Quartile	Upper Quartile	10th Percentile	90th Percentile
1	31.631225478962563	31.0	31.0	34.0	30.0	34.0
2	31.806363356965335	31.0	31.0	34.0	30.0	34.0
3	31.87554635471818	31.0	31.0	34.0	30.0	34.0
4	35.49898378372326	37.0	35.0	37.0	33.0	37.0
5	35.497029696278034	37.0	35.0	37.0	33.0	37.0
6	35.520654655138316	37.0	35.0	37.0	33.0	37.0
7	35.566042109932425	37.0	35.0	37.0	33.0	37.0
8	35.4895785132174	37.0	35.0	37.0	33.0	37.0
9	37.054050546215606	39.0	37.0	39.0	33.0	39.0
10-14	37.195278285408946	39.2	37.0	39.4	33.0	39.4
15-19	37.97010096687423	40.0	37.0	41.0	33.0	41.0
20-24	37.72225312065293	39.2	37.0	41.0	32.0	41.0
25-29	37.26218747940027	39.0	36.0	40.4	31.4	41.0
30-34	37.24502615924389	39.0	36.0	40.2	31.0	41.0
35-39	36.80488042573585	39.0	35.6	40.0	30.2	41.0
40-44	36.20009580292454	38.0	34.6	40.0	29.0	41.0
45-49	35.8054853182462	38.0	34.0	40.0	28.0	41.0
50-54	35.45032033590832	38.0	33.4	40.0	27.2	41.0
55-59	34.80328808445322	37.0	33.0	40.0	26.0	41.0
60-64	34.22876734742478	36.0	32.0	39.2	26.0	40.8
65-69	33.211082668290324	35.0	31.0	38.6	24.2	40.0
70-74	32.129709424308885	34.4	30.0	37.4	22.2	39.8
75-79	30.783740539572147	33.8	28.8	36.0	19.8	39.0
80-84	30.103916596562875	33.8	29.0	35.2	17.4	37.4
85-89	29.023545965143292	33.0	27.8	35.0	9.8	36.2
90-94	27.714836552816603	32.4	26.0	34.8	2.0	35.4
95-99	25.807711807707033	31.6	23.4	34.0	2.0	35.0
100	24.517088126367007	31.0	18.0	34.0	2.0	35.0
>>END_MODULE
>>Per sequence quality scores	pass
#Quality	Count
12	2.0
13	37.0
14	469.0
15	3760.0
16	16669.0
17	45497.0
18	89290.0
19	143601.0
20	195514.0
21	240836.0
22	284947.0
23	337067.0
24	402430.0
25	486324.0
26	592926.0
27	716000.0
28	864209.0
29	1031471.0
30	1218957.0
31	1436454.0
32	1691469.0
33	2007966.0
34	2417443.0
35	2961557.0
36	3618153.0
37	4107625.0
38	3465483.0
39	913987.0
40	3326.0
>>END_MODULE
>>Per base sequence content	fail
#Base	G	A	T	C
1	22.500765205671307	19.64117010020131	15.827195184196373	42.030869509931016
2	19.749358233445516	25.192379761667503	40.324200411000966	14.734061593886013
3	17.443453858115404	30.951438185263534	30.45732352705326	21.147784429567803
4	21.8195014843218	34.560955346417714	24.214470204401294	19.405072964859187
5	20.981530046851056	37.773672349969885	26.039660922371468	15.205136680807588
6	15.207594566556798	41.06416348299343	27.875100760514233	15.853141189935545
7	14.498026846871568	18.683338596736355	48.92695023590412	17.891684320487954
8	16.347992107046114	25.448061477457657	33.90326014307148	24.300686272424752
9	19.04614642943108	23.736475184963584	36.34119946667976	20.876178918925582
10-14	18.953981175804067	32.03188328429112	29.737110343605945	19.277025196298876
15-19	19.21252276403317	30.388250022556225	30.959201178938557	19.44002603447205
20-24	19.068589991125826	31.20538816620196	30.806985398575808	18.919036444096406
25-29	19.040576736849722	30.876368420162905	30.992455260047656	19.090599582939717
30-34	19.00431425788025	30.830347288074595	31.011123676159517	19.154214777885635
35-39	19.11836653366162	30.795909793437197	30.97631204970868	19.109411623192496
40-44	19.13280582065353	30.80795392402283	30.96818851372704	19.091051741596598
45-49	19.265363618047417	30.705867501201123	30.93997028278464	19.08879859796682
50-54	19.282297073432247	30.79297226544877	30.773475769089874	19.151254892029105
55-59	19.355854503649635	30.685971201881014	30.768100089259487	19.190074205209864
60-64	19.29902930004236	30.66741640504476	30.824515857801018	19.209038437111868
65-69	19.32778696287582	30.77426891079052	30.75805983392186	19.1398842924118
70-74	19.391828260422145	30.74698459236767	30.65543381017796	19.205753337032224
75-79	19.394887766240682	30.71478264383054	30.68502978164009	19.20529980828869
80-84	19.38852243922206	30.76373067001828	30.570299765501225	19.27744712525844
85-89	19.424913858744215	30.77705719588215	30.52033363766753	19.277695307706107
90-94	19.42732248868901	30.733482593272242	30.54121412610991	19.297980791928833
95-99	19.440827743899796	30.853163117039944	30.49325576362392	19.21275337543634
100	19.533616861833604	30.539524014721508	30.375682033425267	19.55117709001962
>>END_MODULE
>>Per base GC content	fail
#Base	%GC
1	64.53163471560231
2	34.48341982733153
3	38.591238287683204
4	41.22457444918099
5	36.18666672765865
6	31.060735756492342
7	32.38971116735952
8	40.648678379470866
9	39.92232534835666
10-14	38.23100637210295
15-19	38.65254879850522
20-24	37.98762643522223
25-29	38.13117631978944
30-34	38.15852903576589
35-39	38.22777815685412
40-44	38.22385756225013
45-49	38.35416221601424
50-54	38.433551965461355
55-59	38.5459287088595
60-64	38.50806773715423
65-69	38.46767125528762
70-74	38.597581597454365
75-79	38.60018757452937
80-84	38.6659695644805
85-89	38.702609166450316
90-94	38.725303280617844
95-99	38.65358111933613
100	39.08479395185323
>>END_MODULE
>>Per sequence GC content	warn
#GC Content	Count
0	77.0
1	106.5
2	169.5
3	264.0
4	419.5
5	733.5
6	1505.5
7	2465.0
8	3609.5
9	5661.5
10	8439.0
11	12095.5
12	17589.5
13	23989.5
14	31358.5
15	41047.5
16	53175.0
17	70179.5
18	92626.0
19	120957.5
20	156599.0
21	204526.5
22	264256.5
23	336391.0
24	422932.5
25	515422.0
26	621452.0
27	733548.0
28	834145.5
29	915565.5
30	994075.5
31	1074420.5
32	1126669.5
33	1144186.0
34	1159234.5
35	1184528.0
36	1205240.5
37	1191937.5
38	1126145.0
39	1059299.5
40	1006584.0
41	937852.5
42	869670.5
43	819449.5
44	767371.5
45	713156.5
46	667503.0
47	613148.0
48	560794.5
49	526014.0
50	499869.5
51	473928.5
52	443230.0
53	412983.0
54	375169.0
55	337354.0
56	307172.5
57	278184.0
58	252997.0
59	229379.0
60	197496.0
61	164044.5
62	142563.0
63	126569.5
64	115466.5
65	107033.0
66	90405.5
67	74886.0
68	68973.0
69	64839.0
70	52825.5
71	41803.5
72	36645.5
73	32492.5
74	29419.0
75	22417.5
76	19150.0
77	19586.5
78	15169.0
79	8932.0
80	5519.0
81	3945.5
82	2525.5
83	1188.5
84	420.0
85	159.0
86	69.5
87	35.5
88	21.0
89	10.0
90	11.5
91	6.5
92	1.5
93	1.5
94	1.0
95	0.5
96	1.0
97	1.5
98	3.0
99	7.0
100	6.0
>>END_MODULE
>>Per base N content	pass
#Base	N-Count
1	0.02466420074727237
2	3.652691321741375E-4
3	9.148796955389612E-4
4	0.007899371699541628
5	0.0
6	0.0
7	0.0
8	0.0
9	0.0
10-14	0.0
15-19	0.0
20-24	5.065975627536636E-4
25-29	1.8365868514923922E-4
30-34	1.420111766209731E-4
35-39	1.4952138307688993E-4
40-44	1.4883863703544294E-4
45-49	3.755103227958423E-5
50-54	2.0482381243409582E-6
55-59	6.82746041446986E-7
60-64	1.7273474848608747E-4
65-69	1.911688916051561E-5
70-74	0.0
75-79	5.216179756654973E-4
80-84	3.89165243624782E-5
85-89	4.779222290128902E-5
90-94	1.843414311906862E-4
95-99	1.413284305795261E-4
100	0.0
>>END_MODULE
>>Sequence Length Distribution	pass
#Length	Count
100	2.9293469E7
>>END_MODULE
>>Sequence Duplication Levels	fail
#Total Duplicate Percentage	74.23405605910777
#Duplication Level	Relative count
1	100.0
2	40.96835824897768
3	24.875980425018437
4	16.854930616075617
5	13.136019306831132
6	9.976872025206141
7	8.316015284574647
8	7.213246631360193
9	5.973050881544546
10++	107.8735670711269
>>END_MODULE
>>Overrepresented sequences	pass
>>END_MODULE
>>Kmer Content	warn
#Sequence	Count	Obs/Exp Overall	Obs/Exp Max	Max Obs/Exp Position
AAAAA	18679315	2.463133	6.0447893	2
TTTTT	19063415	2.4489794	5.038994	2
CGCCG	1557045	2.064418	5.2170444	1
CGACG	2317770	1.94403	7.3433404	1
CGGCG	1408535	1.8849038	5.400554	1
TTCCA	5413220	1.765117	5.1397758	6
CGCGG	1295625	1.7338074	5.9383607	1
CGCGA	1965115	1.6482406	6.0493755	1
TCGAG	3085270	1.6285211	5.174354	7
CTCGA	3076800	1.6090683	7.5984178	1
CTGGA	2995660	1.5812216	6.514483	1
CGAGA	2951890	1.566278	5.2339883	1
CTTTT	7582790	1.5479107	5.7882237	1
CGCCA	1859340	1.5451351	5.185968	1
CTCCA	2975570	1.541773	5.515131	1
CGATC	2882485	1.5074478	5.0265827	4
ATCGA	4545295	1.5037421	5.68675	6
TCCAA	4580630	1.5014521	5.0136065	7
CCGGC	1118095	1.4824334	5.322086	1
CTTCG	2825120	1.4697504	5.401842	1
CTCGT	2740115	1.425527	6.615851	1
CTCGC	1681705	1.3902372	5.9401155	1
CTCGG	1607090	1.3409244	6.8455596	1
CGAAA	3930805	1.3072581	5.361519	1
GAATC	3829010	1.26677	5.4194145	4
CTTGG	2368970	1.2439165	5.308429	1
AATCG	3647555	1.2067384	5.008837	5
>>END_MODULE
