##FastQC	0.10.1
>>Basic Statistics	pass
#Measure	Value	
Filename	t1.2.fq	
File type	Conventional base calls	
Encoding	Sanger / Illumina 1.9	
Total Sequences	20734354	
Filtered Sequences	0	
Sequence length	100	
%GC	38	
>>END_MODULE
>>Per base sequence quality	pass
#Base	Mean	Median	Lower Quartile	Upper Quartile	10th Percentile	90th Percentile
1	30.6482294553281	31.0	31.0	34.0	27.0	34.0
2	30.545005260351974	31.0	31.0	34.0	26.0	34.0
3	30.681820132905997	31.0	31.0	34.0	26.0	34.0
4	34.168297068719866	37.0	35.0	37.0	28.0	37.0
5	34.13526946631663	35.0	35.0	37.0	28.0	37.0
6	34.319175991689924	37.0	35.0	37.0	30.0	37.0
7	34.55002162112213	37.0	35.0	37.0	30.0	37.0
8	34.33120134825517	37.0	35.0	37.0	30.0	37.0
9	35.70581094544831	38.0	35.0	39.0	30.0	39.0
10-14	35.98098018390156	38.2	35.2	39.4	30.0	39.4
15-19	36.674666980220366	39.0	36.0	41.0	30.0	41.0
20-24	36.452841057888755	39.0	35.2	40.4	29.0	41.0
25-29	36.48437362456529	39.0	35.0	40.6	29.6	41.0
30-34	36.23127478193919	38.4	35.0	40.0	28.8	41.0
35-39	36.126201539724846	38.0	34.8	40.0	28.8	41.0
40-44	35.761313161721844	38.0	34.0	40.0	27.0	41.0
45-49	35.49875086535129	38.0	33.4	40.0	27.0	41.0
50-54	34.76770477633401	37.2	32.8	39.6	26.0	40.4
55-59	35.03503299885784	37.4	33.0	40.0	26.0	41.0
60-64	34.57153735293609	36.6	32.6	39.6	26.0	41.0
65-69	33.69129757310018	35.4	31.6	39.0	25.2	40.4
70-74	32.756313353191516	35.0	31.0	37.8	23.6	40.0
75-79	31.685965832357255	34.2	30.0	36.4	21.4	39.0
80-84	30.65070143974584	34.0	29.2	35.4	19.4	37.6
85-89	29.579050304629696	33.8	29.0	35.0	14.4	36.4
90-94	28.404909060586117	33.0	27.4	35.0	4.0	35.6
95-99	27.01559978188855	32.8	25.6	35.0	2.0	35.0
100	25.984169605669894	32.0	24.0	34.0	2.0	35.0
>>END_MODULE
>>Per sequence quality scores	pass
#Quality	Count
11	6.0
12	839.0
13	5304.0
14	15018.0
15	31007.0
16	52310.0
17	77892.0
18	106562.0
19	135996.0
20	164959.0
21	196035.0
22	229159.0
23	268625.0
24	314626.0
25	366235.0
26	428507.0
27	501005.0
28	586556.0
29	687811.0
30	805631.0
31	946162.0
32	1122529.0
33	1341716.0
34	1637266.0
35	2031098.0
36	2535033.0
37	2939903.0
38	2536915.0
39	667431.0
40	2218.0
>>END_MODULE
>>Per base sequence content	fail
#Base	G	A	T	C
1	23.557270914869324	18.570450689092823	16.262693856421667	41.609584539616186
2	20.53683963580309	25.08198223248242	39.12437596962332	15.256802162091168
3	17.737159733671824	30.693037740693267	29.777453245869207	21.792349279765695
4	22.07210142433779	34.33094584350415	23.47796619031181	20.11898654184625
5	21.442950234557998	37.51868753828248	25.64831981093939	15.39004241622014
6	15.511649879446585	40.85622756580011	27.65932674044005	15.972795814313253
7	14.657177893989251	18.6352180251311	48.60164156410408	18.10596251677557
8	16.78429262878484	25.408955024479724	33.271796575686736	24.534955771048704
9	19.537908022780012	23.89564198626201	35.569628856444375	20.996821134513606
10-14	19.12654917636333	31.98711517941585	29.6003872321763	19.285948412044522
15-19	19.29507902107421	30.28197269368266	30.927091803016538	19.49585648222659
20-24	19.17226702372808	31.10674026543322	30.76265073103373	18.958341979804967
25-29	19.038891264399588	30.85772578971969	30.933625092862922	19.169757853017803
30-34	19.0613937661874	30.813030967271356	30.940572544813783	19.185002721727464
35-39	19.11091064793228	30.798879957002452	30.954957325586264	19.135252069479012
40-44	19.07308410737702	30.803614512581063	30.977139213326844	19.146162166715072
45-49	19.190546919888785	30.690592555338842	30.997587658600068	19.1212728661723
50-54	19.168118880558055	30.828046769309697	30.814034751694336	19.189799598437915
55-59	19.236938859990573	30.697760805494422	30.831835927863523	19.233464406651485
60-64	19.194605258456797	30.675510037621258	30.924665116174626	19.205219587747322
65-69	19.157774469427103	30.804616401253615	30.855828442718902	19.181780686600383
70-74	19.270150091535037	30.76534180715899	30.771300128599233	19.19320797270674
75-79	19.308498744482577	30.731193063390073	30.755477811436823	19.20483038069053
80-84	19.30663735930303	30.780884615721483	30.677619411539485	19.234858613436
85-89	19.33086977090837	30.781943858113543	30.636848362232904	19.25033800874518
90-94	19.342533352129198	30.739670259906333	30.670398290144806	19.247398097819666
95-99	19.329732991090598	30.886343298624436	30.63358436398691	19.150339346298058
100	19.41334136921997	30.525465862055512	30.574892738421134	19.486300030303383
>>END_MODULE
>>Per base GC content	fail
#Base	%GC
1	65.1668554544855
2	35.79364179789425
3	39.52950901343752
4	42.19108796618404
5	36.83299265077814
6	31.484445693759838
7	32.76314041076483
8	41.31924839983354
9	40.53472915729362
10-14	38.41249758840785
15-19	38.790935503300794
20-24	38.130609003533046
25-29	38.208649117417394
30-34	38.246396487914865
35-39	38.24616271741129
40-44	38.219246274092086
45-49	38.311819786061086
50-54	38.35791847899597
55-59	38.47040326664206
60-64	38.39982484620412
65-69	38.33955515602749
70-74	38.463358064241774
75-79	38.51332912517311
80-84	38.54149597273903
85-89	38.58120777965355
90-94	38.589931449948864
95-99	38.480072337388656
100	38.899641399523354
>>END_MODULE
>>Per sequence GC content	warn
#GC Content	Count
0	46.0
1	51.0
2	65.5
3	138.0
4	269.5
5	450.0
6	818.5
7	1282.5
8	1921.5
9	3168.5
10	4868.5
11	6897.0
12	10139.5
13	13983.5
14	18626.0
15	24939.5
16	32689.5
17	43681.0
18	58543.0
19	77116.5
20	99947.0
21	131351.5
22	171219.5
23	219393.5
24	279060.5
25	346323.0
26	422017.5
27	502604.5
28	577733.5
29	637184.0
30	695566.5
31	758903.5
32	801840.5
33	819726.0
34	837193.5
35	860593.0
36	879672.5
37	873636.5
38	827382.0
39	780272.5
40	742026.0
41	690126.5
42	640141.0
43	604991.5
44	566729.5
45	520813.5
46	480062.5
47	435045.0
48	397332.0
49	376005.5
50	356700.0
51	337124.0
52	311790.0
53	286458.5
54	260409.0
55	234109.0
56	211898.0
57	191111.0
58	171935.0
59	150950.0
60	126916.5
61	106499.0
62	95043.0
63	85734.5
64	77931.0
65	73496.5
66	62251.0
67	50471.5
68	46408.5
69	42119.5
70	32845.5
71	25125.5
72	22518.5
73	19898.5
74	18175.0
75	15444.0
76	12995.5
77	11796.0
78	8791.0
79	5480.0
80	3291.5
81	2079.0
82	1169.5
83	519.5
84	179.0
85	61.5
86	29.0
87	16.0
88	7.0
89	2.5
90	3.0
91	3.5
92	2.0
93	0.0
94	0.0
95	0.0
96	0.0
97	0.0
98	0.0
99	0.0
100	0.0
>>END_MODULE
>>Per base N content	pass
#Base	N-Count
1	0.01430958495258642
2	0.5602634159713874
3	0.0076539640444066885
4	0.006853360369944489
5	0.00942879628658795
6	0.005888777629628587
7	0.005203923884004295
8	0.07510241216099618
9	0.0162676879154277
10-14	6.105808746199664E-4
15-19	0.0017044177021382
20-24	0.01617798172057832
25-29	0.0027336274860552683
30-34	4.6203513261131745E-4
35-39	7.234370552369271E-4
40-44	0.0017391426807895727
45-49	0.0022802735981067943
50-54	0.0034879311889823047
55-59	7.571974511479837E-4
60-64	5.729621477476463E-4
65-69	0.0026931150109620007
70-74	0.0015751636149358695
75-79	0.0017005593711769363
80-84	0.0017420364290105204
85-89	0.0020400924957681343
90-94	0.0034493478793696684
95-99	0.004068609998652478
100	0.003351925022597762
>>END_MODULE
>>Sequence Length Distribution	pass
#Length	Count
100	2.0734354E7
>>END_MODULE
>>Sequence Duplication Levels	fail
#Total Duplicate Percentage	69.4361545672684
#Duplication Level	Relative count
1	100.0
2	35.84804783679212
3	20.721772775237426
4	13.882518466408722
5	10.52268730214562
6	8.222300386915231
7	6.587407667956384
8	5.3619416109743225
9	4.688005627857897
10++	75.55821315511783
>>END_MODULE
>>Overrepresented sequences	pass
>>END_MODULE
>>Kmer Content	warn
#Sequence	Count	Obs/Exp Overall	Obs/Exp Max	Max Obs/Exp Position
AAAAA	12798215	2.3953497	6.0231724	2
CGCCG	1076225	2.0058866	6.0025144	1
GAAAA	6489900	1.9366388	5.2454553	1
CGAGG	1615070	1.9313068	5.383407	1
CGACG	1601465	1.8934487	7.226867	1
CGGCG	975845	1.8395346	5.7889237	1
TTCCA	3881470	1.7841054	5.035242	6
CGCGG	890355	1.6783801	6.430318	1
CTCGA	2234655	1.6473681	7.6113315	1
TCGAG	2206865	1.6454314	5.3021755	7
CGCGA	1360670	1.6087513	6.3001847	1
CTGGA	2143115	1.5978997	6.1554704	1
CGCCA	1353765	1.582543	5.929577	1
CGAGA	2089140	1.5668824	5.112524	1
CTCCA	2115865	1.5422127	5.863739	1
CTTTT	5273770	1.5196676	5.250065	1
ATCGA	3219855	1.5057375	5.641929	6
CGATC	2019965	1.4891005	5.17558	4
CTTCG	2017395	1.4784489	5.603528	1
CCGGC	776340	1.4469558	5.8154135	1
CTCGT	1946245	1.4263064	6.670967	1
CTCGC	1211540	1.4079432	5.9434566	1
CTCGG	1134270	1.3331766	7.142902	1
CGAAA	2760470	1.2985564	5.261233	1
GAATC	2701575	1.2633684	5.4261847	4
CTTGG	1666170	1.234976	5.1734033	1
AATCG	2593015	1.2126013	5.1010246	5
>>END_MODULE
