##FastQC	0.10.1
>>Basic Statistics	pass
#Measure	Value	
Filename	t6.2.fq	
File type	Conventional base calls	
Encoding	Sanger / Illumina 1.9	
Total Sequences	25910390	
Filtered Sequences	0	
Sequence length	50-90	
%GC	38	
>>END_MODULE
>>Per base sequence quality	pass
#Base	Mean	Median	Lower Quartile	Upper Quartile	10th Percentile	90th Percentile
1	37.02206165171578	39.0	37.0	39.0	33.0	39.0
2	36.99663459330407	39.0	37.0	39.0	33.0	39.0
3	36.97538018532334	39.0	37.0	39.0	33.0	39.0
4	38.12912105915812	40.0	38.0	41.0	33.0	41.0
5	38.12142584499886	40.0	37.0	41.0	33.0	41.0
6	38.109916022105416	40.0	37.0	41.0	33.0	41.0
7	38.060296931076685	40.0	37.0	41.0	33.0	41.0
8	38.07599503519631	40.0	37.0	41.0	33.0	41.0
9	38.0907978228039	40.0	37.0	41.0	33.0	41.0
10-14	37.92661595599294	39.6	37.0	41.0	33.0	41.0
15-19	38.01465078680792	39.8	37.0	41.0	33.0	41.0
20-24	37.79433231225003	39.0	37.0	41.0	33.0	41.0
25-29	37.66685559731058	39.0	37.0	41.0	32.6	41.0
30-34	37.40017305027057	39.0	36.0	40.0	31.6	41.0
35-39	37.11862382619482	38.8	35.4	40.0	31.0	41.0
40-44	36.41910329408396	37.8	34.6	39.6	30.6	40.6
45-49	36.68522885220948	38.0	35.0	40.0	31.0	41.0
50-54	36.20565837469139	37.6	34.2	40.0	30.2	41.0
55-59	35.60458733443231	36.4	34.0	39.2	29.6	41.0
60-64	34.95626053889122	35.4	33.2	38.6	29.0	40.0
65-69	34.27076822635406	35.0	33.0	37.2	29.0	39.4
70-74	33.618197873488505	35.0	32.0	36.0	28.8	38.4
75-79	33.03324909212739	34.0	32.0	35.2	27.6	36.8
80-84	32.617041411792506	34.0	31.2	35.0	27.0	36.0
85-89	32.52989989143914	34.0	31.0	35.0	27.0	35.2
90	32.68389742075575	34.0	31.0	35.0	29.0	35.0
>>END_MODULE
>>Per sequence quality scores	pass
#Quality	Count
23	2.0
24	33.0
25	557.0
26	5247.0
27	28810.0
28	111182.0
29	303077.0
30	636690.0
31	1092602.0
32	1605817.0
33	2119432.0
34	2627299.0
35	3191467.0
36	3835987.0
37	4345375.0
38	4065664.0
39	1861691.0
40	79458.0
>>END_MODULE
>>Per base sequence content	warn
#Base	G	A	T	C
1	21.1676435592054	32.107791507576685	24.325141381507574	22.39942355171034
2	19.404800577499152	27.031099281943067	32.01516722608938	21.548932914468395
3	18.040214755547872	29.808381888501103	33.491425640447716	18.659977715503317
4	17.964123115408384	30.452982795934975	33.02318359725065	18.559710491405994
5	18.929302851616992	30.40241213241719	31.597803071143147	19.07048194482267
6	19.525692337255826	29.88755481263387	30.754672859413162	19.832079990697142
7	18.98261955649754	30.615749993072278	31.08223088610104	19.319399564329146
8	19.03514767627967	30.531350550879395	30.93998199178013	19.493519781060805
9	19.25525302905584	30.09685614848471	30.65345538684413	19.994435435615312
10-14	18.934763924351447	31.160939436099216	30.97504766447765	18.929248975071687
15-19	18.82589719338101	30.871729762155848	31.151054899298575	19.151318145164563
20-24	18.88320954553914	30.833442729603394	31.06665573977586	19.2166919850816
25-29	18.90523242881631	30.87385649400853	31.0953916453916	19.125519431783562
30-34	18.861766141397034	30.88106609515376	31.09380954784477	19.16335821560444
35-39	19.008452166427173	30.770171645683796	31.09152245840921	19.129853729479823
40-44	19.020468009143027	30.93300852536021	30.89769756085572	19.148825904641036
45-49	19.14196700866475	30.7683233811439	30.846220350539838	19.243489259651508
50-54	19.174736515762618	30.718783023501466	30.881852221446042	19.224628239289867
55-59	19.05010415898824	30.901357869996975	30.95202394881116	19.09651402220363
60-64	19.09045108544912	30.89604354958788	30.903208105777292	19.110297259185707
65-69	19.03703864850142	30.906272908291633	30.97963182320369	19.077056620003262
70-74	18.930236708345248	31.03102008209291	30.993804475564758	19.044938733997082
75-79	18.88781983864706	31.104845999424118	31.032636608551673	18.974697553377144
80-84	18.7652434827809	31.15082142570089	31.181376683907345	18.902558407610865
85-89	18.500954690105683	31.404653858980687	31.357930317389695	18.73646113352394
90	18.81795097975121	31.03352515079848	30.926264378307522	19.22225949114279
>>END_MODULE
>>Per base GC content	warn
#Base	%GC
1	43.56706711091574
2	40.953733491967554
3	36.70019247105119
4	36.52383360681438
5	37.99978479643966
6	39.357772327952965
7	38.302019120826685
8	38.52866745734047
9	39.24968846467115
10-14	37.86401289942313
15-19	37.97721533854558
20-24	38.09990153062074
25-29	38.03075186059987
30-34	38.025124357001474
35-39	38.138305895906996
40-44	38.16929391378407
45-49	38.38545626831626
50-54	38.39936475505248
55-59	38.14661818119187
60-64	38.200748344634825
65-69	38.11409526850468
70-74	37.975175442342334
75-79	37.86251739202421
80-84	37.66780189039176
85-89	37.23741582362962
90	38.040210470893996
>>END_MODULE
>>Per sequence GC content	warn
#GC Content	Count
0	236.0
1	246.5
2	319.0
3	566.5
4	991.5
5	1708.5
6	2972.5
7	4419.0
8	6455.5
9	9908.0
10	12557.5
11	15799.0
12	21890.0
13	29087.0
14	38939.5
15	52858.5
16	69153.5
17	92889.5
18	125050.0
19	165121.0
20	191814.0
21	225793.0
22	290604.0
23	376514.0
24	484172.0
25	591883.0
26	697752.5
27	818849.0
28	921494.5
29	993863.0
30	1037942.5
31	1086622.0
32	1155988.0
33	1181997.5
34	1205826.0
35	1221220.5
36	1204076.5
37	1167248.0
38	1104169.5
39	1046103.0
40	1021243.0
41	974219.5
42	889493.5
43	815907.0
44	756507.0
45	708872.5
46	657668.5
47	610906.0
48	570085.5
49	541243.0
50	530280.0
51	509839.0
52	475062.0
53	432686.5
54	387788.5
55	346083.0
56	305984.0
57	267973.0
58	229849.0
59	202010.0
60	188353.0
61	168164.0
62	144557.5
63	123278.5
64	102837.0
65	90172.0
66	76967.5
67	67184.5
68	56851.5
69	46282.5
70	42885.0
71	40437.5
72	35962.5
73	29842.0
74	26211.0
75	27098.0
76	25068.0
77	19248.5
78	13172.5
79	7854.0
80	4814.5
81	2632.5
82	1036.5
83	467.0
84	206.0
85	111.0
86	68.5
87	59.5
88	44.0
89	25.0
90	16.0
91	9.5
92	6.5
93	5.5
94	4.0
95	2.0
96	1.0
97	0.5
98	0.0
99	0.0
100	0.0
>>END_MODULE
>>Per base N content	pass
#Base	N-Count
1	0.0
2	1.8911332480908238E-4
3	0.0
4	7.71891121669724E-6
5	1.4665931311724756E-4
6	2.9717808184284375E-4
7	1.543782243339448E-5
8	0.0
9	2.315673365009172E-5
10-14	0.010138017992010154
15-19	4.476968505684399E-5
20-24	7.71891121669724E-7
25-29	3.782266496181648E-5
30-34	1.0574908366875219E-4
35-39	5.8663725246899025E-5
40-44	9.417071684370633E-5
45-49	4.245401169183482E-5
50-54	5.510664766237601E-5
55-59	3.13872242246912E-4
60-64	7.382825748147275E-5
65-69	4.092319084568519E-6
70-74	2.3430772347963137E-5
75-79	5.15039434766882E-6
80-84	1.3282198169086173E-5
85-89	9.249439009962247E-7
90	0.0
>>END_MODULE
>>Sequence Length Distribution	warn
#Length	Count
50	61113.0
51	74786.0
52	80504.0
53	81052.0
54	83106.0
55	85556.0
56	81504.0
57	85775.0
58	87674.0
59	86673.0
60	89843.0
61	87545.0
62	90186.0
63	97323.0
64	100871.0
65	97458.0
66	100985.0
67	103166.0
68	105165.0
69	108368.0
70	110700.0
71	108265.0
72	109305.0
73	121511.0
74	121141.0
75	120844.0
76	124677.0
77	133079.0
78	134576.0
79	140234.0
80	147194.0
81	155517.0
82	162017.0
83	174550.0
84	192805.0
85	205988.0
86	220629.0
87	235023.0
88	256060.0
89	528714.0
90	2.0618908E7
>>END_MODULE
>>Sequence Duplication Levels	fail
#Total Duplicate Percentage	72.69129456566752
#Duplication Level	Relative count
1	100.0
2	36.671043992120815
3	21.802207422693307
4	15.076759528499515
5	11.481099334021199
6	9.007910452427852
7	7.335146796735766
8	6.453428383828909
9	5.349717037176
10++	99.48879092017634
>>END_MODULE
>>Overrepresented sequences	pass
>>END_MODULE
>>Kmer Content	pass
>>END_MODULE
