##FastQC	0.10.1
>>Basic Statistics	pass
#Measure	Value	
Filename	c5.2.fq	
File type	Conventional base calls	
Encoding	Sanger / Illumina 1.9	
Total Sequences	26705021	
Filtered Sequences	0	
Sequence length	100	
%GC	38	
>>END_MODULE
>>Per base sequence quality	pass
#Base	Mean	Median	Lower Quartile	Upper Quartile	10th Percentile	90th Percentile
1	30.679911017482443	31.0	31.0	34.0	27.0	34.0
2	30.573267251877464	31.0	31.0	34.0	26.0	34.0
3	30.710743646297825	31.0	31.0	34.0	26.0	34.0
4	34.203677652977696	37.0	35.0	37.0	30.0	37.0
5	34.167287043136945	37.0	35.0	37.0	28.0	37.0
6	34.34742762419097	37.0	35.0	37.0	30.0	37.0
7	34.57183890624913	37.0	35.0	37.0	30.0	37.0
8	34.352536176623865	37.0	35.0	37.0	30.0	37.0
9	35.736716514845654	38.0	35.0	39.0	30.0	39.0
10-14	36.004783804513764	38.2	35.2	39.4	30.0	39.4
15-19	36.70196615834902	39.0	36.0	41.0	30.0	41.0
20-24	36.474838263561004	39.0	35.2	40.4	29.2	41.0
25-29	36.50290243920797	39.0	35.0	40.8	29.6	41.0
30-34	36.24588386580935	38.6	35.0	40.0	28.8	41.0
35-39	36.141562734588376	38.0	34.8	40.0	28.8	41.0
40-44	35.7696188892718	38.0	34.0	40.0	27.0	41.0
45-49	35.49574747759981	38.0	33.4	40.0	27.0	41.0
50-54	34.75330981391103	37.2	32.8	39.6	26.0	40.4
55-59	35.009309125800726	37.2	33.0	40.0	26.0	41.0
60-64	34.5401715654895	36.4	32.6	39.6	26.0	41.0
65-69	33.658222302090685	35.2	31.6	39.0	25.2	40.4
70-74	32.72863942702011	35.0	31.0	37.6	23.6	40.0
75-79	31.670513451384295	34.2	30.0	36.4	21.4	39.0
80-84	30.652998932298164	34.0	29.2	35.4	19.4	37.6
85-89	29.58884594024472	33.8	29.0	35.0	15.0	36.4
90-94	28.42033376420112	33.0	27.4	35.0	4.0	35.6
95-99	27.032159869861175	32.8	25.6	35.0	2.0	35.0
100	26.004320985181028	32.0	24.0	34.0	2.0	35.0
>>END_MODULE
>>Per sequence quality scores	pass
#Quality	Count
11	6.0
12	985.0
13	6840.0
14	18960.0
15	38711.0
16	66285.0
17	99630.0
18	135832.0
19	174113.0
20	212296.0
21	252125.0
22	293899.0
23	344082.0
24	401114.0
25	470933.0
26	551314.0
27	643888.0
28	753158.0
29	884788.0
30	1036856.0
31	1222018.0
32	1448421.0
33	1740264.0
34	2118616.0
35	2635807.0
36	3284864.0
37	3770341.0
38	3218666.0
39	876897.0
40	3312.0
>>END_MODULE
>>Per base sequence content	fail
#Base	G	A	T	C
1	23.171028714481878	19.607641340779402	13.94489077044275	43.276439174295966
2	19.641624863213263	24.672390605724573	41.68347735944345	14.002507171618717
3	16.456021392030895	30.53219657336239	31.285159870258912	21.726622164347802
4	21.588342494280088	34.184072565363685	24.257351401374695	19.97023353898153
5	21.312324225773256	37.57600483369059	25.878021964770593	15.23364897576556
6	15.34331864504222	40.75792196306711	27.94201597731761	15.95674341457306
7	14.698212522974465	18.799602000632127	48.370606765539875	18.131578710853535
8	16.260511813050773	25.167785410952938	34.03129655943505	24.54040621656124
9	19.27100409179885	23.502218628811818	36.16004673430977	21.066730545079558
10-14	19.217576363553	31.708003766144078	29.62009420812378	19.45432566217914
15-19	19.31994338170216	30.206835213420153	30.88879307844934	19.584428326428352
20-24	19.232885193970777	31.016964088989884	30.730341608685347	19.01980910835399
25-29	19.103693071636147	30.764437699086695	30.8902093990357	19.24165983024146
30-34	19.132712855002048	30.71907416475662	30.905043913133333	19.243169067107992
35-39	19.18046923218125	30.729335807493612	30.90596535801143	19.18422960231371
40-44	19.17183724566996	30.74592808758812	30.894326004216033	19.187908662525892
45-49	19.26931050903172	30.66107687691217	30.92215114151641	19.14746147253971
50-54	19.21804638610947	30.7885612247063	30.801213235985518	19.192179153198705
55-59	19.288168563615294	30.669354053723332	30.772284613794408	19.270192768866966
60-64	19.25969748740577	30.642325535742103	30.85701241960391	19.240964557248212
65-69	19.207614917558566	30.784749227414064	30.832901061779665	19.1747347932477
70-74	19.308387867239222	30.739596357926164	30.718316136701734	19.233699638132887
75-79	19.35503398879119	30.716897228594735	30.704790672477067	19.223278110137006
80-84	19.338464246497608	30.76237956356539	30.632616726993806	19.266539462943193
85-89	19.37909360776749	30.75083557734593	30.605045751554293	19.26502506333228
90-94	19.390273423860332	30.702036924109226	30.613273603863	19.294416048167438
95-99	19.36333853330649	30.845813659613906	30.635912885659007	19.1549349214206
100	19.486325356807647	30.45782912717574	30.478893368280374	19.576952147736236
>>END_MODULE
>>Per base GC content	fail
#Base	%GC
1	66.44746788877785
2	33.64413203483198
3	38.1826435563787
4	41.55857603326162
5	36.545973201538814
6	31.30006205961528
7	32.829791233828
8	40.80091802961201
9	40.337734636878416
10-14	38.67190202573214
15-19	38.90437170813051
20-24	38.25269430232477
25-29	38.345352901877604
30-34	38.37588192211005
35-39	38.36469883449496
40-44	38.35974590819585
45-49	38.41677198157142
50-54	38.41022553930818
55-59	38.558361332482264
60-64	38.50066204465398
65-69	38.38234971080627
70-74	38.54208750537211
75-79	38.5783120989282
80-84	38.6050037094408
85-89	38.64411867109977
90-94	38.68468947202777
95-99	38.51827345472709
100	39.06327750454388
>>END_MODULE
>>Per sequence GC content	warn
#GC Content	Count
0	49.0
1	63.5
2	102.5
3	203.0
4	363.5
5	662.5
6	1165.0
7	1889.5
8	2953.5
9	4688.5
10	7192.0
11	10483.0
12	15340.0
13	21079.0
14	28086.5
15	37687.5
16	49693.0
17	66217.5
18	88002.0
19	114970.5
20	148546.5
21	193354.5
22	247853.0
23	311580.0
24	388356.5
25	472100.0
26	565194.5
27	662777.0
28	751619.0
29	820326.5
30	884820.5
31	955470.5
32	1002778.0
33	1018618.5
34	1030720.0
35	1052214.0
36	1074099.0
37	1065811.5
38	1010890.0
39	956246.0
40	913095.5
41	851811.0
42	791735.0
43	751532.5
44	710887.0
45	666467.0
46	627998.0
47	579260.5
48	531566.5
49	500451.0
50	475606.0
51	451403.5
52	422670.5
53	393347.0
54	357705.5
55	322027.5
56	290862.5
57	262692.0
58	239254.5
59	214952.5
60	185972.5
61	155450.5
62	134784.5
63	119685.5
64	107384.0
65	97925.0
66	81227.5
67	66394.0
68	60701.5
69	55160.5
70	43813.5
71	33593.5
72	28359.5
73	23897.5
74	21985.0
75	18419.5
76	14691.5
77	12952.5
78	9497.5
79	5828.5
80	3448.0
81	2150.5
82	1198.0
83	553.0
84	211.5
85	77.5
86	39.0
87	24.0
88	10.0
89	6.5
90	5.5
91	4.0
92	0.5
93	0.5
94	0.5
95	0.0
96	0.0
97	0.0
98	0.0
99	0.0
100	0.0
>>END_MODULE
>>Per base N content	pass
#Base	N-Count
1	0.013802647824167597
2	0.561684636009086
3	0.007463016037321221
4	0.006788985487036314
5	0.00914809241303349
6	0.0062347825901353906
7	0.0054708812998124955
8	0.07505330177422441
9	0.016083117852631536
10-14	5.534539740672738E-4
15-19	0.0016423877741942238
20-24	0.016191711663510768
25-29	0.0028548938418734068
30-34	5.242459835549277E-4
35-39	7.601566761546453E-4
40-44	0.0017532283535744082
45-49	0.0024916662675532066
50-54	0.003618795132196301
55-59	8.283086540167858E-4
60-64	6.583031707782592E-4
65-69	0.002780001558508417
70-74	0.0015405342688178377
75-79	0.0018049040290962512
80-84	0.0017105397520563643
85-89	0.0020640313295391156
90-94	0.003642011740039448
95-99	0.004363224428844299
100	0.0037333803257447356
>>END_MODULE
>>Sequence Length Distribution	pass
#Length	Count
100	2.6705021E7
>>END_MODULE
>>Sequence Duplication Levels	fail
#Total Duplicate Percentage	71.5477397777538
#Duplication Level	Relative count
1	100.0
2	37.363304060305474
3	21.784896331012725
4	15.19467321897135
5	11.161669017609318
6	8.765224249594272
7	7.272754849767181
8	6.063915305395034
9	5.175107309156543
10++	90.56589464743443
>>END_MODULE
>>Overrepresented sequences	pass
>>END_MODULE
>>Kmer Content	warn
#Sequence	Count	Obs/Exp Overall	Obs/Exp Max	Max Obs/Exp Position
AAAAA	16807845	2.463147	5.9846992	2
TTTTT	16973460	2.3958912	5.3193574	2
CGCCG	1442640	2.0716367	5.4460626	1
CGAGG	2189620	2.02774	5.3946815	1
CGACG	2186700	1.9994752	7.6240373	1
GAAAA	8409295	1.9601232	5.0239787	1
CGGCG	1339080	1.947506	5.3395014	1
CTTCT	5109785	1.8057992	5.005307	1
CGCGG	1194955	1.7378962	5.2159634	1
CTCGA	2994395	1.708575	8.549871	1
TCGAG	2930195	1.6933169	5.2198186	7
CGCGA	1820185	1.6643411	5.777604	1
CGAGA	2747190	1.5995091	5.4472694	1
CGATC	2743135	1.5652084	5.31947	4
CTGGA	2708435	1.565165	6.4792485	1
CGCCA	1729315	1.5612922	5.4981375	1
ATCGA	4271975	1.5521188	5.6411605	6
CTTCG	2685845	1.5210714	6.285444	1
CTCCA	2697535	1.5197611	6.399373	1
CTTTT	6801585	1.5191194	5.954786	1
CGAAG	2576375	1.5000547	5.3264375	1
CTCGT	2591090	1.467409	7.161732	1
CTCGC	1618380	1.4502212	6.4911327	1
CTTCA	3835290	1.3655933	5.188187	1
CTCGG	1499820	1.3611614	7.705498	1
CGAAA	3656630	1.3385468	5.563575	1
GAATC	3527500	1.2816318	5.270475	4
CTTGG	2177175	1.2487594	5.723016	1
CTTTG	3404545	1.2185479	5.066703	1
CTTGA	3329230	1.2005595	5.2181373	1
>>END_MODULE
