##FastQC	0.10.1
>>Basic Statistics	pass
#Measure	Value	
Filename	c4.2.fq	
File type	Conventional base calls	
Encoding	Sanger / Illumina 1.9	
Total Sequences	31372368	
Filtered Sequences	0	
Sequence length	100	
%GC	38	
>>END_MODULE
>>Per base sequence quality	pass
#Base	Mean	Median	Lower Quartile	Upper Quartile	10th Percentile	90th Percentile
1	30.69890608831313	31.0	31.0	34.0	27.0	34.0
2	30.607532972965252	31.0	31.0	34.0	26.0	34.0
3	30.73856627590241	31.0	31.0	34.0	26.0	34.0
4	34.22558880477241	37.0	35.0	37.0	30.0	37.0
5	34.17824236283344	37.0	35.0	37.0	28.0	37.0
6	34.3530577290181	37.0	35.0	37.0	30.0	37.0
7	34.578259154680325	37.0	35.0	37.0	30.0	37.0
8	34.3587749576315	37.0	35.0	37.0	30.0	37.0
9	35.75111783082488	38.0	35.0	39.0	30.0	39.0
10-14	36.01718800442479	38.2	35.2	39.4	30.0	39.4
15-19	36.70754678766996	39.0	36.0	41.0	30.0	41.0
20-24	36.48207376631563	39.0	35.2	40.4	29.2	41.0
25-29	36.51167162772029	39.0	35.0	40.8	29.6	41.0
30-34	36.252671350788695	38.6	35.0	40.0	28.8	41.0
35-39	36.14666109998454	38.0	34.8	40.0	28.8	41.0
40-44	35.78073583097074	38.0	34.0	40.0	27.2	41.0
45-49	35.51051594830202	38.0	33.4	40.0	27.0	41.0
50-54	34.774542144858174	37.2	32.8	39.6	26.0	40.4
55-59	35.03669207883829	37.4	33.0	40.0	26.0	41.0
60-64	34.57145157165056	36.4	32.6	39.6	26.0	41.0
65-69	33.681808749661485	35.4	31.6	39.0	25.2	40.4
70-74	32.74208259319157	35.0	31.0	37.8	23.6	40.0
75-79	31.671595940733578	34.2	30.0	36.4	21.4	39.0
80-84	30.637853642415518	34.0	29.2	35.4	19.2	37.8
85-89	29.563501773280233	33.8	29.0	35.0	14.0	36.4
90-94	28.39010863955185	33.0	27.4	35.0	4.0	35.6
95-99	27.00071949940151	32.8	25.6	35.0	2.0	35.0
100	25.970156125925847	32.0	24.0	34.0	2.0	35.0
>>END_MODULE
>>Per sequence quality scores	pass
#Quality	Count
11	12.0
12	1166.0
13	7826.0
14	22356.0
15	45359.0
16	77301.0
17	116272.0
18	159120.0
19	204290.0
20	250273.0
21	296791.0
22	347472.0
23	405387.0
24	476297.0
25	553231.0
26	646873.0
27	756881.0
28	885273.0
29	1038643.0
30	1215350.0
31	1431298.0
32	1696173.0
33	2035060.0
34	2478046.0
35	3073749.0
36	3840327.0
37	4450672.0
38	3820370.0
39	1036333.0
40	4167.0
>>END_MODULE
>>Per base sequence content	fail
#Base	G	A	T	C
1	20.873013869155418	18.890083736227695	13.04328892377792	47.19361347083897
2	18.580015188614617	23.758058934542916	43.74053676610213	13.921389110740334
3	16.123130061631272	29.786893833528783	32.03202644466993	22.057949660170014
4	21.59527035823475	33.2200069390793	24.760785378306693	20.42393732437926
5	21.27992871018746	37.110409982409934	26.62233559378323	14.98732571361937
6	15.276720076398039	40.75385877621473	28.113471032823963	15.855950114563273
7	14.638094728064202	18.968302846228195	48.438731246796365	17.954871178911237
8	15.800206699312344	25.52713221148072	34.84209455515834	23.83056653404859
9	18.870631712609992	23.45825122811134	36.987490463785974	20.68362659549269
10-14	19.039306103319596	31.844820990863422	29.790180642302953	19.32569226351403
15-19	19.21377828813518	30.35961857701908	30.9656336374869	19.460969497358835
20-24	19.026047489299465	31.194652301161067	30.922587972893222	18.85671223664624
25-29	18.92446039773759	30.890160007113217	31.096230059085727	19.08914953606347
30-34	18.9801856691485	30.857069991932924	31.011623324266264	19.15112101465231
35-39	19.000355066592963	30.87781073242073	31.10959343064582	19.012240770340487
40-44	18.97573299274895	30.91229544267014	31.07935373382191	19.032617830758998
45-49	19.113301439153723	30.802321336482958	31.098707712787547	18.98566951157577
50-54	19.06957584595158	30.998558177032994	30.88304224767169	19.048823729343745
55-59	19.105245985086107	30.82964747543626	30.929694276867647	19.135412262609982
60-64	19.128270017328607	30.770555608178267	30.976058744951718	19.125115629541405
65-69	19.043441404408263	30.92179012566529	30.989979984143073	19.044788485783375
70-74	19.13694538497675	30.886586189233256	30.887856753350146	19.08861167243985
75-79	19.198435955928243	30.8669772466429	30.828967953367194	19.105618844061663
80-84	19.200749192243087	30.88868522695327	30.794638387252476	19.115927193551162
85-89	19.23953153777828	30.910789614412792	30.72179315858165	19.127885689227277
90-94	19.226247790633966	30.857476728253356	30.734637372875344	19.181638108237333
95-99	19.22592202909676	30.97444777237348	30.815231272168646	18.984398926361113
100	19.342381853190716	30.52873738354981	30.601453656047124	19.527427107212354
>>END_MODULE
>>Per base GC content	fail
#Base	%GC
1	68.06662733999438
2	32.50140429935495
3	38.18107972180129
4	42.01920768261401
5	36.267254423806826
6	31.132670190961313
7	32.592965906975444
8	39.630773233360934
9	39.55425830810268
10-14	38.364998366833625
15-19	38.67474778549401
20-24	37.882759725945704
25-29	38.01360993380106
30-34	38.13130668380081
35-39	38.01259583693345
40-44	38.008350823507946
45-49	38.098970950729495
50-54	38.11839957529532
55-59	38.24065824769609
60-64	38.25338564687001
65-69	38.08822989019164
70-74	38.2255570574166
75-79	38.304054799989906
80-84	38.31667638579425
85-89	38.36741722700556
90-94	38.4078858988713
95-99	38.210320955457874
100	38.86980896040307
>>END_MODULE
>>Per sequence GC content	warn
#GC Content	Count
0	85.0
1	107.5
2	159.0
3	282.0
4	499.0
5	837.5
6	1469.5
7	2507.5
8	3921.5
9	6138.0
10	9293.0
11	13475.0
12	19813.5
13	27658.0
14	36720.5
15	48740.0
16	63751.0
17	85021.5
18	111694.0
19	143561.5
20	183675.0
21	235065.5
22	299115.0
23	376286.0
24	466980.0
25	562948.0
26	670029.0
27	784948.0
28	888195.5
29	968572.5
30	1052158.5
31	1142504.5
32	1195801.5
33	1210210.5
34	1227114.0
35	1259746.0
36	1295255.0
37	1293356.5
38	1226062.0
39	1157416.0
40	1101672.0
41	1025156.0
42	954516.0
43	910690.5
44	856305.0
45	783732.0
46	723432.0
47	656730.0
48	593837.0
49	554868.0
50	521958.5
51	487092.0
52	446237.5
53	411516.5
54	374540.0
55	335330.0
56	305651.5
57	279323.0
58	254791.0
59	229315.5
60	196473.5
61	164426.5
62	146472.0
63	132387.5
64	120207.0
65	111928.0
66	94679.5
67	78083.5
68	74301.0
69	69558.0
70	55392.0
71	42901.5
72	37813.0
73	33067.0
74	31080.5
75	26786.0
76	22004.5
77	19941.5
78	15009.0
79	9493.5
80	5767.0
81	3482.0
82	1931.5
83	838.5
84	278.0
85	109.0
86	64.0
87	32.0
88	11.0
89	7.0
90	8.5
91	6.5
92	2.0
93	0.0
94	0.0
95	0.0
96	0.0
97	0.0
98	0.0
99	0.5
100	0.5
>>END_MODULE
>>Per base N content	pass
#Base	N-Count
1	0.013846579894765992
2	0.5588229744085623
3	0.007704231953418371
4	0.007050790683062242
5	0.009399991737952328
6	0.0061519104965235645
7	0.005508031781343378
8	0.07474411877356532
9	0.01624996876231976
10-14	5.788533399837717E-4
15-19	0.0017225349390265982
20-24	0.015959904588649477
25-29	0.0028694040564614057
30-34	4.953403581138664E-4
35-39	7.165541345173562E-4
40-44	0.0017971228693989566
45-49	0.00239255130502103
50-54	0.003538782918777441
55-59	7.987921090304691E-4
60-64	6.209285827579225E-4
65-69	0.002680065463977727
70-74	0.0015178962582614102
75-79	0.0018060479208965034
80-84	0.001764610181800749
85-89	0.0021311747968785783
90-94	0.00367074618020546
95-99	0.004377100255868476
100	0.0035795831541947996
>>END_MODULE
>>Sequence Length Distribution	pass
#Length	Count
100	3.1372368E7
>>END_MODULE
>>Sequence Duplication Levels	fail
#Total Duplicate Percentage	74.05600600155125
#Duplication Level	Relative count
1	100.0
2	39.24230543030778
3	23.73064105077436
4	16.406913677056785
5	12.1528458472195
6	9.700712278638175
7	8.027837678886494
8	6.792785728288571
9	5.93511076259557
10++	104.7441678102333
>>END_MODULE
>>Overrepresented sequences	pass
>>END_MODULE
>>Kmer Content	warn
#Sequence	Count	Obs/Exp Overall	Obs/Exp Max	Max Obs/Exp Position
AAAAA	20670380	2.5381913	5.6224623	2
TTTTT	21070500	2.4569547	5.616825	2
CGCCG	1619695	2.0484042	5.9492044	1
CGACG	2457605	1.9635818	8.33986	1
CGAGG	2381515	1.9372236	5.611194	1
CGGCG	1483940	1.9106812	5.201192	1
CGCGG	1418155	1.8259783	6.3942966	1
CTTCT	5990745	1.7867988	5.9744887	1
CGCGA	2128475	1.7006129	6.3590083	1
TCGAG	3350600	1.673876	5.0312667	7
CTCGA	3398540	1.6676451	9.647063	1
CGAGA	3173360	1.6018091	5.7684646	1
CTTCC	3350440	1.5982065	5.873745	1
CGCCA	2009175	1.5767586	5.779729	1
CTGGA	3147140	1.5722325	7.064135	1
CTTTT	8403175	1.5671191	7.612218	1
TCGAA	4994405	1.54828	5.0429506	2
ATCGA	4949345	1.5343113	5.3571815	6
CGATC	3125045	1.5334426	5.432052	4
CTCCA	3168290	1.5270268	7.696114	1
CAAAA	7833230	1.5225177	5.072235	1
CTTCG	3078380	1.4950054	7.4751754	1
CGAAG	2926690	1.4772981	5.8208413	1
CCGGC	1157755	1.4641956	5.261326	1
CTTTC	4899760	1.4614018	5.470389	1
CTCGC	1863535	1.4474192	7.4341063	1
CTCGT	2969600	1.4421767	8.214888	1
CTCGG	1818255	1.4378083	9.282965	1
CTGGC	1741410	1.3770422	5.284924	1
CTCCT	2884075	1.3757437	5.508621	1
CTTCA	4416280	1.3308899	6.173448	1
CGAAA	4223710	1.3229717	5.9782696	1
GAATC	4085645	1.2665616	5.2277637	4
AATCG	4048730	1.2551179	5.0158896	5
CTTGG	2505900	1.2390069	6.4903545	1
CTTGA	4035495	1.238146	6.1750064	1
CTTTG	4013955	1.2188683	6.0733805	1
CTCCG	1279530	0.9938188	5.1617403	1
>>END_MODULE
