##FastQC	0.10.1
>>Basic Statistics	pass
#Measure	Value	
Filename	c4.1.fq	
File type	Conventional base calls	
Encoding	Sanger / Illumina 1.9	
Total Sequences	25034158	
Filtered Sequences	0	
Sequence length	50-90	
%GC	37	
>>END_MODULE
>>Per base sequence quality	pass
#Base	Mean	Median	Lower Quartile	Upper Quartile	10th Percentile	90th Percentile
1	37.62080869666158	39.0	37.0	39.0	35.0	39.0
2	37.55170815012033	39.0	37.0	39.0	35.0	39.0
3	37.55410032164853	39.0	37.0	39.0	35.0	39.0
4	38.862515248166126	40.0	38.0	41.0	36.0	41.0
5	38.83545773738426	40.0	38.0	41.0	35.0	41.0
6	38.78202877843944	40.0	38.0	41.0	35.0	41.0
7	38.75041505290491	40.0	38.0	41.0	35.0	41.0
8	38.70087737722196	40.0	38.0	41.0	35.0	41.0
9	38.72339684841807	40.0	38.0	41.0	35.0	41.0
10-14	38.56581327001292	40.0	38.0	41.0	34.0	41.0
15-19	38.284337871479444	40.0	37.8	41.0	34.0	41.0
20-24	38.34108007147674	40.0	38.0	41.0	34.0	41.0
25-29	38.06871107867899	39.8	37.2	41.0	33.2	41.0
30-34	37.643167499382244	39.0	36.6	40.4	32.6	41.0
35-39	37.37829941793929	39.0	36.0	40.0	32.0	41.0
40-44	37.10229248373362	38.6	35.2	40.0	31.4	41.0
45-49	36.48125776788658	38.0	34.6	40.0	30.6	41.0
50-54	35.89443147902199	37.2	34.0	40.0	29.4	41.0
55-59	35.20699758231541	36.2	33.4	39.0	28.6	40.4
60-64	34.507231286190816	35.0	32.8	38.4	28.2	40.0
65-69	33.64345093339107	34.6	31.8	36.4	27.8	39.2
70-74	33.41824369939893	34.4	32.0	36.0	27.8	38.2
75-79	32.85519517354038	34.0	31.2	35.0	27.0	36.8
80-84	32.410660852132736	34.0	31.0	35.0	26.8	36.0
85-89	32.13636659667601	34.0	31.0	35.0	26.0	35.0
90	32.30842200960551	34.0	31.0	35.0	27.0	35.0
>>END_MODULE
>>Per sequence quality scores	pass
#Quality	Count
24	4.0
25	143.0
26	1737.0
27	12786.0
28	58097.0
29	184664.0
30	445764.0
31	869757.0
32	1437586.0
33	2086504.0
34	2739795.0
35	3347208.0
36	3901846.0
37	4268097.0
38	3865833.0
39	1728573.0
40	85764.0
>>END_MODULE
>>Per base sequence content	warn
#Base	G	A	T	C
1	20.89601735356947	32.68871675252669	24.424504311269427	21.990761582634416
2	19.307072360891866	27.336733274592255	32.31718039008941	21.039013974426464
3	17.820647293190365	30.159983810919467	33.76727909123207	18.2520898046581
4	17.573924395619777	30.78733464892248	33.36971029742642	18.26903065803132
5	18.647837087230975	30.712780513728482	31.904412363299777	18.734970035740766
6	19.24212509963387	30.275110511006602	31.043556567790297	19.439207821569234
7	18.68977578554869	30.924335461971598	31.424376246247228	18.961512506232484
8	18.705853817811647	30.92245802714835	31.21169483711016	19.159993317929846
9	18.975960765287173	30.518034598966743	30.957102691450615	19.548901944295473
10-14	18.6391458545918	31.514030137638017	31.25015693565728	18.596667072112908
15-19	18.584053835563395	31.170102865053423	31.462323598021552	18.783519701361637
20-24	18.587201181374695	31.16471896913135	31.394014483587135	18.854065365906823
25-29	18.646637126760965	31.156010120252496	31.451579877381935	18.745772875604604
30-34	18.603640673674747	31.220047424802544	31.416320852492824	18.75999104902989
35-39	18.75665960085416	31.086732775274488	31.453377421361644	18.703230202509708
40-44	18.724538688299404	31.273317041459915	31.198913899960207	18.803230370280478
45-49	18.833563325756753	31.117578629966303	31.170610970818352	18.878247073458592
50-54	18.9136777548602	31.02771775475506	31.19336530079286	18.865239189591886
55-59	18.788420547779797	31.1738000869065	31.280783973018426	18.756995392295277
60-64	18.784448199820783	31.196676475750156	31.257255883226758	18.761619441202303
65-69	18.688170754106434	31.229820747816284	31.353368497510285	18.728640000566998
70-74	18.60875693669007	31.31317036169484	31.382211355537283	18.69586134607781
75-79	18.521563692804314	31.400117832390272	31.460444539134603	18.61787393567081
80-84	18.330345753293955	31.444837265225225	31.643708412706257	18.58110856877457
85-89	17.97271643916165	31.698131750541915	31.986774404917064	18.342377405379374
90	18.136562327330516	31.407588889156802	31.630082641840907	18.825766141671775
>>END_MODULE
>>Per base GC content	warn
#Base	%GC
1	42.88677893620388
2	40.346086335318326
3	36.07273709784847
4	35.842955053651096
5	37.38280712297174
6	38.68133292120311
7	37.65128829178117
8	37.86584713574149
9	38.52486270958264
10-14	37.23581292670471
15-19	37.36757353692503
20-24	37.441266547281515
25-29	37.392410002365565
30-34	37.36363172270463
35-39	37.459889803363865
40-44	37.52776905857988
45-49	37.711810399215345
50-54	37.77891694445209
55-59	37.545415940075074
60-64	37.546067641023086
65-69	37.416810754673435
70-74	37.304618282767876
75-79	37.13943762847512
80-84	36.91145432206853
85-89	36.315093844541025
90	36.96232846900229
>>END_MODULE
>>Per sequence GC content	warn
#GC Content	Count
0	297.0
1	336.5
2	482.5
3	861.5
4	1517.5
5	2600.0
6	4165.5
7	6235.5
8	9597.0
9	14683.0
10	18581.0
11	23233.0
12	31612.5
13	41492.0
14	55163.5
15	74156.0
16	95933.0
17	125391.0
18	163294.0
19	208749.5
20	239497.5
21	275196.0
22	343380.5
23	430809.5
24	531403.0
25	629338.0
26	723967.5
27	831218.0
28	918780.5
29	975924.5
30	1014336.0
31	1062990.0
32	1120399.0
33	1136873.5
34	1160602.0
35	1170594.0
36	1153964.0
37	1123967.5
38	1072076.0
39	1021969.0
40	995283.0
41	944777.0
42	858816.0
43	788378.5
44	730236.0
45	681864.0
46	622925.5
47	566076.5
48	519765.5
49	483137.0
50	465308.5
51	435949.5
52	399184.0
53	365498.5
54	324950.0
55	288461.5
56	257830.0
57	231397.0
58	203883.0
59	183020.0
60	172614.5
61	157482.0
62	142406.0
63	126925.0
64	108320.5
65	95244.0
66	81435.5
67	70709.5
68	59244.0
69	48242.5
70	44384.0
71	41089.0
72	36573.5
73	32552.0
74	29073.5
75	26580.5
76	24632.0
77	22071.5
78	17314.5
79	10866.0
80	6183.5
81	3167.5
82	1231.5
83	567.5
84	275.5
85	147.5
86	79.5
87	45.5
88	33.5
89	28.5
90	19.5
91	12.0
92	9.5
93	8.5
94	5.0
95	1.5
96	0.0
97	0.0
98	0.0
99	0.0
100	0.0
>>END_MODULE
>>Per base N content	pass
#Base	N-Count
1	0.0
2	0.0
3	0.0
4	0.0
5	0.0
6	0.0
7	0.0
8	0.0
9	0.0
10-14	5.1929048302723024E-5
15-19	0.0
20-24	2.3967253062795242E-6
25-29	0.0
30-34	0.0
35-39	0.0
40-44	0.0
45-49	0.0
50-54	4.66234437868172E-5
55-59	0.0
60-64	0.0
65-69	3.26850342797199E-5
70-74	0.0
75-79	0.0
80-84	9.477410828226193E-7
85-89	1.0071517848240354E-6
90	0.0
>>END_MODULE
>>Sequence Length Distribution	warn
#Length	Count
50	66511.0
51	85817.0
52	81182.0
53	83996.0
54	85738.0
55	96394.0
56	102074.0
57	105634.0
58	104137.0
59	106738.0
60	111232.0
61	116007.0
62	119820.0
63	131930.0
64	132584.0
65	130526.0
66	122435.0
67	122976.0
68	125299.0
69	125872.0
70	122601.0
71	123146.0
72	124633.0
73	131350.0
74	135096.0
75	142540.0
76	142953.0
77	148914.0
78	157890.0
79	166463.0
80	172929.0
81	188879.0
82	204792.0
83	226363.0
84	245355.0
85	276723.0
86	292519.0
87	313078.0
88	316255.0
89	623580.0
90	1.8621197E7
>>END_MODULE
>>Sequence Duplication Levels	fail
#Total Duplicate Percentage	70.23115768920069
#Duplication Level	Relative count
1	100.0
2	35.474742784170886
3	21.016963909970833
4	14.552103437767554
5	10.838617927471667
6	8.393435010375702
7	6.93503214290897
8	5.66382725544543
9	5.0093598990001595
10++	82.3453439944276
>>END_MODULE
>>Overrepresented sequences	pass
>>END_MODULE
>>Kmer Content	pass
>>END_MODULE
