##FastQC	0.10.1
>>Basic Statistics	pass
#Measure	Value	
Filename	c6.1.fq	
File type	Conventional base calls	
Encoding	Sanger / Illumina 1.9	
Total Sequences	26255029	
Filtered Sequences	0	
Sequence length	100	
%GC	38	
>>END_MODULE
>>Per base sequence quality	pass
#Base	Mean	Median	Lower Quartile	Upper Quartile	10th Percentile	90th Percentile
1	31.60549264676112	31.0	31.0	34.0	30.0	34.0
2	31.765617360392174	31.0	31.0	34.0	30.0	34.0
3	31.84377293965282	31.0	31.0	34.0	30.0	34.0
4	35.47005482263988	37.0	35.0	37.0	33.0	37.0
5	35.471587290952904	37.0	35.0	37.0	33.0	37.0
6	35.49196734842685	37.0	35.0	37.0	33.0	37.0
7	35.54290021923038	37.0	35.0	37.0	33.0	37.0
8	35.4602348753833	37.0	35.0	37.0	33.0	37.0
9	37.02264830863451	39.0	37.0	39.0	33.0	39.0
10-14	37.15533815635854	39.2	37.0	39.4	33.0	39.4
15-19	37.91940781326123	40.0	37.0	41.0	32.8	41.0
20-24	37.66442731409666	39.2	36.8	41.0	32.0	41.0
25-29	37.188161010981936	39.0	36.0	40.2	31.2	41.0
30-34	37.17146003533266	39.0	36.0	40.0	31.0	41.0
35-39	36.71505652498042	38.6	35.4	40.0	30.0	41.0
40-44	36.09176993101016	38.0	34.6	40.0	29.0	41.0
45-49	35.68545321355386	38.0	34.0	40.0	27.4	41.0
50-54	35.32049823292901	37.8	33.2	40.0	26.8	41.0
55-59	34.67328697294526	36.8	32.6	40.0	26.0	41.0
60-64	34.10640239627996	35.8	31.8	39.0	26.0	40.8
65-69	33.08342724740468	35.0	31.0	38.4	23.8	40.0
70-74	32.00473109361257	34.2	29.8	37.4	22.0	39.6
75-79	30.6488781863467	33.6	28.8	35.8	19.8	38.8
80-84	29.975684749767368	33.8	29.0	35.2	17.2	37.4
85-89	28.91695859105697	33.0	27.6	35.0	9.2	36.2
90-94	27.62873643750308	32.4	26.0	34.8	2.0	35.4
95-99	25.72948486935589	31.6	22.8	34.0	2.0	35.0
100	24.43724149000178	31.0	18.0	34.0	2.0	35.0
>>END_MODULE
>>Per sequence quality scores	pass
#Quality	Count
12	2.0
13	44.0
14	450.0
15	3745.0
16	16158.0
17	43282.0
18	85070.0
19	134122.0
20	181658.0
21	224106.0
22	263817.0
23	311069.0
24	371804.0
25	450103.0
26	544105.0
27	658950.0
28	793524.0
29	944174.0
30	1112966.0
31	1305334.0
32	1536943.0
33	1817659.0
34	2180352.0
35	2665058.0
36	3238769.0
37	3619281.0
38	2976199.0
39	773405.0
40	2880.0
>>END_MODULE
>>Per base sequence content	fail
#Base	G	A	T	C
1	22.5903168306602	20.078437719106958	13.857685950136153	43.47355950009669
2	19.133755468832337	24.769442251945247	42.306281729530376	13.79052054969204
3	16.607308582079803	30.728966742739168	31.365624192289875	21.29810048289115
4	21.850953638245056	34.330077874730335	24.54233302398376	19.276635463040854
5	21.070195732787038	37.747716827888475	26.06857909012403	15.113508349200453
6	15.068332242177298	40.99320172146829	28.086695314638575	15.851770721715827
7	14.563769859100137	18.789124171220685	48.61973300429415	18.027372965385034
8	15.977704690404265	25.112168034550635	34.45199013110974	24.458137143935357
9	18.96093506504982	23.342251878678177	36.68593167427086	21.01088138200114
10-14	19.1472155677299	31.72769757748125	29.629170091566078	19.49591676322277
15-19	19.318491706864997	30.22426065497776	30.835046497187264	19.622201140969985
20-24	19.164450367643642	31.04101619078766	30.719750211168357	19.074783230400342
25-29	19.16438191279812	30.679092733485934	30.91490704555789	19.24161830815806
30-34	19.154226430217427	30.64729780551464	30.895943834532964	19.30253192973497
35-39	19.27350586896819	30.623950194793064	30.8438344927485	19.258709443490243
40-44	19.29730887646064	30.639092164325916	30.8051931645419	19.258405794671546
45-49	19.416343828078404	30.558386337039888	30.81314067368879	19.21212916119292
50-54	19.40683302545073	30.662474078108797	30.63548800982462	19.295204886615856
55-59	19.514234777649644	30.520726524430806	30.59522501384401	19.369813684075535
60-64	19.454127303667196	30.50058529835057	30.681855248370727	19.363432149611505
65-69	19.45101313404948	30.650892690820957	30.63302487327264	19.265069301856926
70-74	19.524369514493692	30.593631118725956	30.51115320438082	19.370846162399534
75-79	19.518868390425542	30.578790031045887	30.548462715039935	19.35387886348863
80-84	19.504854161186287	30.627112600736066	30.446622166377157	19.42141107170049
85-89	19.57992191190545	30.62565596518559	30.385384143275523	19.409037979633435
90-94	19.568561634012564	30.57735617708628	30.393255522434988	19.460826666466172
95-99	19.570038221528154	30.727235125422347	30.356092023055943	19.34663462999356
100	19.73267673785468	30.368231549087227	30.147294828735475	19.75179688432262
>>END_MODULE
>>Per base GC content	fail
#Base	%GC
1	66.06387633075688
2	32.92427601852438
3	37.90540906497096
4	41.127589101285906
5	36.18370408198749
6	30.920102963893125
7	32.59114282448517
8	40.43584183433963
9	39.97181644705096
10-14	38.643132330952675
15-19	38.94069284783498
20-24	38.23923359804399
25-29	38.40600022095618
30-34	38.456758359952396
35-39	38.53221531245843
40-44	38.555714671132186
45-49	38.62847298927132
50-54	38.70203791206659
55-59	38.88404846172518
60-64	38.817559453278704
65-69	38.7160824359064
70-74	38.89521567689322
75-79	38.87274725391418
80-84	38.92626523288678
85-89	38.98895989153889
90-94	39.029388300478736
95-99	38.91667285152171
100	39.4844736221773
>>END_MODULE
>>Per sequence GC content	warn
#GC Content	Count
0	63.0
1	75.0
2	112.0
3	220.5
4	360.0
5	621.5
6	1169.0
7	1930.5
8	2954.0
9	4667.5
10	7062.0
11	10302.5
12	15096.5
13	20755.0
14	27819.5
15	37095.5
16	48552.5
17	64766.5
18	85835.0
19	111724.0
20	144557.5
21	187701.5
22	240107.0
23	302002.5
24	375956.5
25	454605.5
26	541628.0
27	634318.5
28	718258.5
29	784404.5
30	851928.0
31	924401.0
32	967188.0
33	984125.5
34	1004673.0
35	1032082.0
36	1053018.5
37	1043512.5
38	994269.0
39	945945.5
40	902219.5
41	842832.5
42	787010.5
43	748231.5
44	710038.0
45	665498.0
46	624666.0
47	576004.5
48	531957.5
49	500264.0
50	472140.0
51	450898.5
52	426840.0
53	398135.5
54	359636.5
55	321342.0
56	292994.5
57	266448.5
58	241353.5
59	217207.0
60	186235.0
61	154603.5
62	133056.5
63	115899.5
64	103430.0
65	92728.5
66	77142.0
67	64369.0
68	60694.0
69	57338.0
70	46532.5
71	36190.0
72	30219.0
73	25399.5
74	24117.5
75	21297.0
76	17740.5
77	15928.5
78	11907.0
79	7462.0
80	4714.0
81	3109.5
82	1860.5
83	882.5
84	328.0
85	127.5
86	69.5
87	37.0
88	16.0
89	5.5
90	8.0
91	6.5
92	1.5
93	0.0
94	0.5
95	1.0
96	0.5
97	1.5
98	2.5
99	6.5
100	7.5
>>END_MODULE
>>Per base N content	pass
#Base	N-Count
1	0.02450197255542929
2	4.1896735288313717E-4
3	9.560073233969767E-4
4	0.007987041263599441
5	0.0
6	0.0
7	0.0
8	0.0
9	0.0
10-14	0.0
15-19	0.0
20-24	5.644632881570994E-4
25-29	1.8739267056227588E-4
30-34	1.3330779409918E-4
35-39	1.493047293910816E-4
40-44	1.5082824703792938E-4
45-49	3.73261823477704E-5
50-54	7.617588234238857E-7
55-59	0.0
60-64	1.6377814703613544E-4
65-69	1.4473417645053829E-5
70-74	1.5235176468477713E-6
75-79	5.728426352147621E-4
80-84	3.3517388230650974E-5
85-89	5.7893670580215315E-5
90-94	1.660634235064071E-4
95-99	1.3254603527575613E-4
100	0.0
>>END_MODULE
>>Sequence Length Distribution	pass
#Length	Count
100	2.6255029E7
>>END_MODULE
>>Sequence Duplication Levels	fail
#Total Duplicate Percentage	73.33968479110682
#Duplication Level	Relative count
1	100.0
2	38.676025191096585
3	23.168757912279858
4	16.35177795939298
5	12.005833052898097
6	9.417816451132158
7	7.683925452301973
8	6.631091453936509
9	5.608704709709469
10++	100.95347980065061
>>END_MODULE
>>Overrepresented sequences	pass
>>END_MODULE
>>Kmer Content	warn
#Sequence	Count	Obs/Exp Overall	Obs/Exp Max	Max Obs/Exp Position
TTTTT	16783655	2.4417076	5.427994	2
AAAAA	16172630	2.4412267	5.893546	2
CGAGG	2190550	2.0311139	5.3887653	1
CGACG	2168990	1.9885663	7.465994	1
CGGCG	1321285	1.9124587	5.006665	1
CGCGG	1198810	1.7351855	5.1150827	1
TCGAG	2919235	1.701896	5.1660137	7
CTCGA	2941720	1.6957691	8.458314	1
CGCGA	1788145	1.6394013	5.734201	1
CGAGA	2729650	1.6031531	5.4592156	1
CTGGA	2717195	1.5841079	6.826275	1
CTTTT	6761010	1.5468107	6.2422957	1
ATCGA	4168630	1.5393744	5.651453	6
CGATC	2664745	1.5361054	5.066415	4
CTCCA	2675640	1.5250865	5.6824574	1
CGAAG	2525600	1.4833124	5.3579783	1
CTTCG	2580940	1.4768596	5.798912	1
CTCGT	2548160	1.4581023	7.1787157	1
CTCGG	1532650	1.3948305	7.6418386	1
CTCGC	1548585	1.3935255	6.15534	1
CTGGC	1513460	1.3773661	5.03615	1
CTTCA	3754460	1.3608043	5.023241	1
CGAAA	3599810	1.3391664	5.719825	1
GAATC	3478705	1.2846017	5.533664	4
CTTGG	2154925	1.2470734	5.8894205	1
CTTTG	3376755	1.2286899	5.0131774	1
AATCG	3317980	1.2252499	5.05536	5
CTTGA	3326925	1.2195225	5.545579	1
>>END_MODULE
