##FastQC	0.10.1
>>Basic Statistics	pass
#Measure	Value	
Filename	t3.2.fq	
File type	Conventional base calls	
Encoding	Sanger / Illumina 1.9	
Total Sequences	26996765	
Filtered Sequences	0	
Sequence length	100	
%GC	38	
>>END_MODULE
>>Per base sequence quality	pass
#Base	Mean	Median	Lower Quartile	Upper Quartile	10th Percentile	90th Percentile
1	30.665391427454363	31.0	31.0	34.0	27.0	34.0
2	30.567514663330957	31.0	31.0	34.0	26.0	34.0
3	30.702415567198514	31.0	31.0	34.0	26.0	34.0
4	34.19274320460248	37.0	35.0	37.0	28.0	37.0
5	34.15703518551204	37.0	35.0	37.0	28.0	37.0
6	34.33229629550059	37.0	35.0	37.0	30.0	37.0
7	34.55964212749194	37.0	35.0	37.0	30.0	37.0
8	34.34163926677881	37.0	35.0	37.0	30.0	37.0
9	35.720232850121114	38.0	35.0	39.0	30.0	39.0
10-14	35.992975869516215	38.2	35.2	39.4	30.0	39.4
15-19	36.68516071462636	39.0	36.0	41.0	30.0	41.0
20-24	36.4618159620236	39.0	35.2	40.4	29.0	41.0
25-29	36.49410011903278	39.0	35.0	40.6	29.6	41.0
30-34	36.23785781000057	38.4	35.0	40.0	28.8	41.0
35-39	36.13949559512038	38.0	34.8	40.0	28.8	41.0
40-44	35.77271278984723	38.0	34.0	40.0	27.0	41.0
45-49	35.50901620249685	38.0	33.4	40.0	27.0	41.0
50-54	34.7771908152699	37.2	32.8	39.6	26.0	40.4
55-59	35.04066592423204	37.4	33.0	40.0	26.0	41.0
60-64	34.5681605925747	36.6	32.6	39.6	26.0	41.0
65-69	33.68245674620644	35.4	31.6	39.0	25.2	40.4
70-74	32.74213598555234	35.0	31.0	37.6	23.6	40.0
75-79	31.666741752206235	34.2	30.0	36.4	21.4	39.0
80-84	30.639049397214812	34.0	29.2	35.4	19.4	37.6
85-89	29.566793999206944	33.8	29.0	35.0	14.6	36.4
90-94	28.402112964275535	33.0	27.4	35.0	4.0	35.4
95-99	27.029513128702643	32.8	25.6	35.0	2.0	35.0
100	26.001889189315833	32.0	24.0	34.0	2.0	35.0
>>END_MODULE
>>Per sequence quality scores	pass
#Quality	Count
11	6.0
12	1062.0
13	6919.0
14	19784.0
15	39728.0
16	67555.0
17	100644.0
18	138072.0
19	176307.0
20	213739.0
21	254289.0
22	296551.0
23	347660.0
24	406275.0
25	475098.0
26	555868.0
27	649551.0
28	763186.0
29	892322.0
30	1047664.0
31	1232245.0
32	1465126.0
33	1753172.0
34	2136511.0
35	2657009.0
36	3329955.0
37	3859552.0
38	3268896.0
39	839294.0
40	2725.0
>>END_MODULE
>>Per base sequence content	fail
#Base	G	A	T	C
1	22.67918085829107	18.666760468645354	15.14741544059108	43.5066432324725
2	20.24676600606988	24.832975889039854	40.15646840692216	14.763789697968107
3	17.48134815530838	30.625554574748758	29.990298495824174	21.902798774118686
4	21.952066914994447	34.20983378901089	23.540459358237385	20.297639937757282
5	21.50501422095305	37.559267554144625	25.53506528020725	15.400652944695075
6	15.5973834385795	40.779690435946875	27.524581846706837	16.09834427876679
7	14.773211279503373	18.700905809462697	48.29840392228248	18.22747898875145
8	16.626844013362795	25.351965913978546	33.53733291731984	24.483857155338818
9	19.34262284083117	23.80190949382065	35.82668803417141	21.028779631176775
10-14	19.22123931515719	31.865702470430467	29.526303283418564	19.38675493099377
15-19	19.392857531005482	30.21421500990384	30.79666061870346	19.596266840387223
20-24	19.26539227806949	31.040456613659366	30.667515990676947	19.026635117594193
25-29	19.127329477521055	30.74637176103182	30.895234615073857	19.23106414637327
30-34	19.126359594627054	30.73678444192856	30.879030337096058	19.25782562634833
35-39	19.216292716241277	30.710948025008307	30.866250750530693	19.206508508219724
40-44	19.16257818545911	30.743707093228156	30.851395214932513	19.242319506380213
45-49	19.26703188984976	30.628562413100052	30.924266254704442	19.180139442345745
50-54	19.304185397233447	30.797902530649324	30.650827311351332	19.247084760765897
55-59	19.38036387366817	30.619859858752836	30.70685028371642	19.29292598386258
60-64	19.332893559491264	30.591609906007655	30.78347033834634	19.292026196154737
65-69	19.256864815730093	30.758987891681635	30.75572222506462	19.22842506752366
70-74	19.41232979747049	30.689856969789318	30.636114154176518	19.26169907856367
75-79	19.397080117305006	30.651116875689215	30.67065585678625	19.281147150219528
80-84	19.422013390482245	30.689419372359882	30.560938704760925	19.327628532396947
85-89	19.479762673512234	30.71398167143144	30.48981600162132	19.316439653435005
90-94	19.47569754850155	30.63140760146333	30.555913656429478	19.33698119360564
95-99	19.428996852743808	30.800685949380302	30.53428380010978	19.236033397766107
100	19.549038092892054	30.432673910990022	30.460548565798078	19.557739430319845
>>END_MODULE
>>Per base GC content	fail
#Base	%GC
1	66.18582409076356
2	35.01055570403799
3	39.38414692942707
4	42.249706852751736
5	36.905667165648126
6	31.69572771734629
7	33.00069026825482
8	41.11070116870161
9	40.371402472007944
10-14	38.60799424615096
15-19	38.989124371392705
20-24	38.29202739566369
25-29	38.35839362389432
30-34	38.38418522097539
35-39	38.422801224461
40-44	38.404897691839324
45-49	38.44717133219551
50-54	38.55127015799935
55-59	38.673289857530754
60-64	38.624919755646005
65-69	38.485289883253756
70-74	38.674028876034164
75-79	38.67822726752454
80-84	38.7496419228792
85-89	38.79620232694724
90-94	38.812678742107195
95-99	38.66503025050992
100	39.1067775232119
>>END_MODULE
>>Per sequence GC content	warn
#GC Content	Count
0	44.0
1	60.5
2	94.0
3	165.5
4	287.5
5	502.0
6	1400.5
7	2128.5
8	2472.0
9	3778.0
10	5751.5
11	8072.0
12	11732.5
13	16390.5
14	22140.5
15	29571.5
16	38392.0
17	50953.0
18	67949.0
19	90077.0
20	118063.5
21	155944.0
22	205174.5
23	265845.0
24	340109.0
25	422935.5
26	520175.0
27	627210.5
28	724807.5
29	803653.5
30	886521.0
31	973075.0
32	1027212.5
33	1052247.5
34	1080242.0
35	1119511.5
36	1151049.0
37	1146998.5
38	1098137.5
39	1045130.0
40	995384.5
41	929319.0
42	870013.0
43	833815.0
44	782368.0
45	708288.5
46	642747.5
47	579890.5
48	531079.5
49	503038.5
50	477739.0
51	453638.0
52	426781.0
53	394285.5
54	357811.0
55	322352.0
56	286581.5
57	250424.5
58	220331.0
59	190246.0
60	156367.0
61	127796.0
62	108485.5
63	93316.0
64	85055.5
65	80188.5
66	67070.0
67	56462.0
68	55979.0
69	53947.0
70	42130.5
71	31648.5
72	28915.5
73	27599.0
74	25751.0
75	19304.5
76	15630.5
77	15715.5
78	12898.5
79	8349.0
80	5118.5
81	3479.0
82	2064.5
83	893.5
84	291.5
85	104.0
86	40.5
87	25.0
88	11.0
89	5.5
90	4.0
91	2.5
92	0.5
93	0.0
94	0.0
95	0.0
96	0.0
97	0.0
98	0.0
99	0.0
100	0.0
>>END_MODULE
>>Per base N content	pass
#Base	N-Count
1	0.013820174380152584
2	0.5596596481096902
3	0.0073416203756264875
4	0.006663761380298713
5	0.009045528232734551
6	0.006078506072857248
7	0.005419167815106736
8	0.07436446552022066
9	0.016209349527619328
10-14	5.859961369445562E-4
15-19	0.001699462880089522
20-24	0.015994508971723095
25-29	0.0028736776424879056
30-34	4.948741080644292E-4
35-39	7.437928211028247E-4
40-44	0.0017513209453058542
45-49	0.0023439845477782246
50-54	0.0034033707371975866
55-59	8.541764170633037E-4
60-64	5.98590238497094E-4
65-69	0.002761071558018155
70-74	0.0015275904353725344
75-79	0.0017594700698398491
80-84	0.0017987340335036438
85-89	0.0021135865723170906
90-94	0.0035470916607971367
95-99	0.0043968231008418976
100	0.0033892949766388676
>>END_MODULE
>>Sequence Length Distribution	pass
#Length	Count
100	2.6996765E7
>>END_MODULE
>>Sequence Duplication Levels	fail
#Total Duplicate Percentage	73.94626204891425
#Duplication Level	Relative count
1	100.0
2	36.79421741749358
3	21.573724756681354
4	14.960530070063088
5	11.141933233998035
6	9.139904257679992
7	7.5087975145040105
8	6.389690264083949
9	5.303870906381764
10++	104.21488127318264
>>END_MODULE
>>Overrepresented sequences	pass
>>END_MODULE
>>Kmer Content	warn
#Sequence	Count	Obs/Exp Overall	Obs/Exp Max	Max Obs/Exp Position
AAAAA	16381815	2.3835156	5.8789506	2
GAAAA	8449800	1.9462945	5.1172385	2
CGCCG	1345785	1.8820711	5.285519	1
CGAGG	2077565	1.8772693	5.1978273	1
CGACG	2063765	1.8438402	7.2932224	1
CGGCG	1204880	1.7041706	5.4527726	1
CGCGG	1165680	1.6487265	5.736743	1
CTCGA	2900915	1.6292229	8.182845	1
TCGAG	2852660	1.6203336	5.1044397	7
CTGGA	2841320	1.6138923	6.487405	1
CGAGA	2711895	1.5478846	5.205299	1
CTTTT	6926250	1.5470564	5.9212294	1
CTCCA	2774910	1.5409393	6.5294633	1
CGCGA	1714215	1.5315399	6.0746665	1
ATCGA	4180625	1.4999936	5.562405	6
CGCCA	1697905	1.4999181	5.757403	1
CTTCG	2579625	1.4417527	6.066977	1
CGATC	2563765	1.4398714	5.146598	4
CTCGT	2564230	1.4331484	6.9865184	1
CCGGC	1016075	1.420974	5.5325503	1
CTTCA	3983375	1.4063036	5.341311	1
CTGGC	1555105	1.3826474	5.149668	1
CTCGG	1531100	1.3613046	7.97703	1
CTCGC	1528285	1.3435295	6.0693307	1
CGAAA	3549270	1.2796717	5.529109	1
GAATC	3562500	1.2782123	5.622865	4
CTTGA	3509615	1.2531306	5.245901	1
CTTGG	2200600	1.2438962	5.466204	1
AATCG	3392820	1.2173319	5.142504	5
>>END_MODULE
