##FastQC	0.10.1
>>Basic Statistics	pass
#Measure	Value	
Filename	c5.1.fq	
File type	Conventional base calls	
Encoding	Sanger / Illumina 1.9	
Total Sequences	21314753	
Filtered Sequences	0	
Sequence length	50-90	
%GC	37	
>>END_MODULE
>>Per base sequence quality	pass
#Base	Mean	Median	Lower Quartile	Upper Quartile	10th Percentile	90th Percentile
1	37.62021797766082	39.0	37.0	39.0	35.0	39.0
2	37.550276468134534	39.0	37.0	39.0	35.0	39.0
3	37.552329271655175	39.0	37.0	39.0	35.0	39.0
4	38.86271405537751	40.0	38.0	41.0	36.0	41.0
5	38.83847788430858	40.0	38.0	41.0	35.0	41.0
6	38.78432332760319	40.0	38.0	41.0	35.0	41.0
7	38.75603367301512	40.0	38.0	41.0	35.0	41.0
8	38.7053954132145	40.0	38.0	41.0	35.0	41.0
9	38.727770572804666	40.0	38.0	41.0	35.0	41.0
10-14	38.567737876202465	40.0	38.0	41.0	34.0	41.0
15-19	38.2886261642347	40.0	37.8	41.0	34.0	41.0
20-24	38.34747005513036	40.0	38.0	41.0	34.0	41.0
25-29	38.074804779581534	39.8	37.2	41.0	33.2	41.0
30-34	37.64660718329694	39.0	36.6	40.4	32.6	41.0
35-39	37.37855905719386	39.0	36.0	40.0	32.0	41.0
40-44	37.101460495460586	38.6	35.2	40.0	31.4	41.0
45-49	36.475037472871485	38.0	34.6	40.0	30.6	41.0
50-54	35.88727897844092	37.2	34.0	40.0	29.6	41.0
55-59	35.20420238352669	36.2	33.4	39.0	28.8	40.4
60-64	34.51302551927073	35.0	32.8	38.2	28.4	40.0
65-69	33.65255799535151	34.6	31.8	36.4	27.8	39.2
70-74	33.43532504409235	34.6	32.0	36.0	27.8	38.4
75-79	32.88069434732304	34.0	31.4	35.0	27.0	36.8
80-84	32.43935978277587	34.0	31.0	35.0	27.0	36.0
85-89	32.165591700206335	34.0	31.0	35.0	26.2	35.0
90	32.33634686428869	34.0	31.0	35.0	27.0	35.0
>>END_MODULE
>>Per sequence quality scores	pass
#Quality	Count
24	2.0
25	93.0
26	1495.0
27	10476.0
28	49302.0
29	157557.0
30	379802.0
31	739661.0
32	1219827.0
33	1773445.0
34	2329583.0
35	2853499.0
36	3323487.0
37	3623536.0
38	3282037.0
39	1495421.0
40	75530.0
>>END_MODULE
>>Per base sequence content	warn
#Base	G	A	T	C
1	21.146433177058164	32.39888353386033	24.240571776740737	22.21411151234077
2	19.444991926483972	27.180985864579338	32.07990259141169	21.294119617525006
3	17.960850871694362	30.09236372572556	33.77624877942522	18.170536623154867
4	17.75863881697339	30.56581045063013	33.30075652295854	18.37479420943794
5	18.718556109939442	30.45875783782247	31.87471137948443	18.947974672753656
6	19.32505621810396	30.178932873395247	31.02228301683815	19.473727891662644
7	18.908668563975382	30.75135799134055	31.19712904953672	19.142844395147343
8	18.804276080515688	30.82160511078876	31.141500912536962	19.23261789615859
9	19.155281790035286	30.453841055535573	30.88532154231391	19.505555612115234
10-14	18.84873560966428	31.36440094340353	31.039910927363458	18.746952519568737
15-19	18.77864518325542	31.04865565224852	31.25084237430143	18.92185679019463
20-24	18.745677758846497	31.048824193707265	31.264868927119227	18.94062912032701
25-29	18.83339300248987	31.024687923899467	31.232030697235853	18.909888376374806
30-34	18.80975790627044	31.05973436389091	31.22347541370501	18.90703231613364
35-39	18.923736062059927	30.9702692778096	31.243823468186566	18.862171191943908
40-44	18.873019077443683	31.09006705355675	31.091811385287926	18.945102483711633
45-49	19.012963462443125	30.959243112036063	31.014919103214567	19.012874322306246
50-54	19.043389050168752	30.911941572605627	31.06533160735089	18.979337769874736
55-59	18.95834836424419	31.051689753697296	31.09287044547065	18.897091436587864
60-64	18.95250509413383	31.07526948056879	31.054948154487423	18.91727727080995
65-69	18.855119500112743	31.0900596139193	31.197962865033908	18.85685802093405
70-74	18.77030275758724	31.181679796343243	31.196165587314745	18.851851858754777
75-79	18.68770448070215	31.227996988062955	31.310958141438093	18.7733403897968
80-84	18.506490535123323	31.27634652248007	31.50079989788962	18.716363044506988
85-89	18.137469232079876	31.57053632017591	31.774104847578048	18.517889600166157
90	18.337307171005897	31.299206720294016	31.486967341996834	18.87651876670325
>>END_MODULE
>>Per base GC content	warn
#Base	%GC
1	43.360544689398935
2	40.73911154400898
3	36.13138749484923
4	36.13343302641133
5	37.666530782693094
6	38.7987841097666
7	38.051512959122725
8	38.03689397667428
9	38.66083740215052
10-14	37.59568812923302
15-19	37.70050197345005
20-24	37.6863068791735
25-29	37.74328137886468
30-34	37.71679022240408
35-39	37.78590725400384
40-44	37.818121561155316
45-49	38.02583778474937
50-54	38.02272682004349
55-59	37.85543980083205
60-64	37.86978236494378
65-69	37.71197752104679
70-74	37.622154616342016
75-79	37.46104487049895
80-84	37.22285357963031
85-89	36.65535883224603
90	37.21382593770915
>>END_MODULE
>>Per sequence GC content	warn
#GC Content	Count
0	208.0
1	243.5
2	372.0
3	639.5
4	1071.5
5	1864.0
6	3161.5
7	4812.0
8	7489.5
9	11640.5
10	14697.5
11	18165.0
12	24615.0
13	32171.5
14	42561.5
15	57558.5
16	74787.0
17	99208.5
18	130932.5
19	169815.5
20	196533.5
21	227493.5
22	285118.0
23	358708.5
24	445148.5
25	529058.0
26	612728.5
27	703010.5
28	773502.0
29	822960.5
30	855576.0
31	891747.5
32	937611.5
33	952782.0
34	968022.5
35	971147.0
36	953940.5
37	928486.5
38	884506.0
39	838072.5
40	813805.0
41	777043.5
42	712480.0
43	658868.0
44	618485.5
45	587073.5
46	546861.5
47	506603.5
48	469301.5
49	438321.5
50	424740.0
51	402949.0
52	375195.0
53	345301.0
54	307092.5
55	272795.0
56	244830.0
57	221123.5
58	194721.0
59	172609.0
60	160971.0
61	147258.0
62	130385.5
63	114360.5
64	97394.5
65	82974.5
66	68833.0
67	58485.5
68	49267.5
69	40487.0
70	36855.0
71	33179.5
72	28331.5
73	23998.0
74	20688.0
75	18366.0
76	16446.5
77	14315.0
78	10922.5
79	6892.5
80	4007.0
81	2104.0
82	899.5
83	438.0
84	225.5
85	145.5
86	87.5
87	45.5
88	36.0
89	35.0
90	23.5
91	12.5
92	9.5
93	7.5
94	4.5
95	3.5
96	2.5
97	1.0
98	0.0
99	0.0
100	0.0
>>END_MODULE
>>Per base N content	pass
#Base	N-Count
1	0.0
2	0.0
3	0.0
4	0.0
5	0.0
6	0.0
7	0.0
8	0.0
9	0.0
10-14	6.568220612267944E-5
15-19	9.38317230323992E-7
20-24	2.814951690971976E-6
25-29	0.0
30-34	9.38317230323992E-7
35-39	0.0
40-44	0.0
45-49	0.0
50-54	3.5871422774283E-5
55-59	0.0
60-64	0.0
65-69	4.033689373648714E-5
70-74	1.035438943639391E-6
75-79	0.0
80-84	2.2159370368968587E-6
85-89	0.0
90	0.0
>>END_MODULE
>>Sequence Length Distribution	warn
#Length	Count
50	55591.0
51	71127.0
52	67055.0
53	70002.0
54	71101.0
55	80294.0
56	84148.0
57	88126.0
58	86181.0
59	88086.0
60	92467.0
61	96742.0
62	100181.0
63	110216.0
64	109951.0
65	109310.0
66	101660.0
67	102951.0
68	104503.0
69	104290.0
70	101310.0
71	101963.0
72	103170.0
73	108987.0
74	112082.0
75	117675.0
76	117647.0
77	123168.0
78	130746.0
79	138511.0
80	143706.0
81	156356.0
82	169609.0
83	189178.0
84	205720.0
85	229929.0
86	243948.0
87	260553.0
88	265363.0
89	527087.0
90	1.5974063E7
>>END_MODULE
>>Sequence Duplication Levels	fail
#Total Duplicate Percentage	67.45492920587459
#Duplication Level	Relative count
1	100.0
2	34.080038911557274
3	19.600345880509092
4	13.197503175074985
5	9.602237414543195
6	7.385089307428324
7	5.936714675601913
8	4.907179722755155
9	4.292431161672116
10++	71.21760747966601
>>END_MODULE
>>Overrepresented sequences	pass
>>END_MODULE
>>Kmer Content	pass
>>END_MODULE
