##FastQC	0.10.1
>>Basic Statistics	pass
#Measure	Value	
Filename	t2.2.fq	
File type	Conventional base calls	
Encoding	Sanger / Illumina 1.9	
Total Sequences	26752598	
Filtered Sequences	0	
Sequence length	50-90	
%GC	37	
>>END_MODULE
>>Per base sequence quality	pass
#Base	Mean	Median	Lower Quartile	Upper Quartile	10th Percentile	90th Percentile
1	37.026258982398645	39.0	37.0	39.0	33.0	39.0
2	37.0019551745965	39.0	37.0	39.0	33.0	39.0
3	36.98163049435423	39.0	37.0	39.0	33.0	39.0
4	38.135722145565076	40.0	38.0	41.0	33.0	41.0
5	38.12797994422822	40.0	38.0	41.0	33.0	41.0
6	38.115795781777905	40.0	37.0	41.0	33.0	41.0
7	38.067863988387224	40.0	37.0	41.0	33.0	41.0
8	38.0835560344457	40.0	37.0	41.0	33.0	41.0
9	38.102882867675135	40.0	37.0	41.0	33.0	41.0
10-14	37.93657570752568	39.6	37.0	41.0	33.0	41.0
15-19	38.02783781971381	40.0	37.0	41.0	33.0	41.0
20-24	37.814210507704715	39.0	37.0	41.0	33.0	41.0
25-29	37.68780325559409	39.0	37.0	41.0	32.6	41.0
30-34	37.433334885830526	39.0	36.0	40.0	31.8	41.0
35-39	37.16201337156115	39.0	35.6	40.0	31.0	41.0
40-44	36.48064982698129	37.8	34.8	39.8	30.6	40.6
45-49	36.760601329261554	38.0	35.0	40.0	31.0	41.0
50-54	36.29949889922848	37.8	34.4	40.0	30.4	41.0
55-59	35.70665920188595	36.6	34.0	39.4	29.6	41.0
60-64	35.05764309298864	35.6	33.4	38.8	29.0	40.2
65-69	34.36126154655447	35.0	33.0	37.4	29.0	39.4
70-74	33.694956903474846	35.0	32.2	36.2	29.0	38.4
75-79	33.09658821561508	34.0	32.0	35.2	27.8	36.8
80-84	32.66900294807094	34.0	31.2	35.0	27.0	36.0
85-89	32.576250229527616	34.0	31.0	35.0	27.0	35.4
90	32.72024884668597	34.0	31.0	35.0	29.0	35.0
>>END_MODULE
>>Per sequence quality scores	pass
#Quality	Count
24	40.0
25	554.0
26	5275.0
27	29273.0
28	110850.0
29	304174.0
30	640473.0
31	1100996.0
32	1621694.0
33	2150052.0
34	2668989.0
35	3244041.0
36	3921447.0
37	4515944.0
38	4334303.0
39	2015522.0
40	88971.0
>>END_MODULE
>>Per base sequence content	warn
#Base	G	A	T	C
1	20.618651691323585	32.801229248837814	24.741529775911857	21.838589283926744
2	18.94227550991191	27.54498055176921	32.44276940653385	21.06997453178503
3	17.69239889840971	30.11493164999763	33.914869420522784	18.277800031069884
4	17.62284127000325	30.690539044196573	33.41516091542977	18.27145877037041
5	18.644433039517324	30.639714240538385	31.908194240777615	18.807658479166676
6	19.29461185036691	30.12202408709016	31.025782445419598	19.557581617123333
7	18.807692309129983	30.876826098825344	31.32725349854898	18.98822809349569
8	18.793569132986633	30.833820326534266	31.153475262477308	19.219135278001783
9	18.998445533917195	30.3950188905046	30.8520773723849	19.754458203193305
10-14	18.665277151242663	31.4796608415007	31.202647730437995	18.652414276818643
15-19	18.52969827690354	31.175604938983387	31.41103267847518	18.883664105637894
20-24	18.61185364546104	31.135250906668986	31.292621049089174	18.9602743987808
25-29	18.615431654977716	31.174070938980847	31.39855091841551	18.81194648762593
30-34	18.547682069596895	31.19052104597644	31.406177320072253	18.855619564354413
35-39	18.71035910694258	31.049217372370137	31.39388989523411	18.846533625453173
40-44	18.700927658905837	31.248563175436505	31.191763399241545	18.858745766416117
45-49	18.806275304842295	31.080501253351677	31.155790420150463	18.957433021655564
50-54	18.85709536643904	31.01382302578485	31.191236904690488	18.93784470308562
55-59	18.73615230931739	31.194377649468475	31.254257388352347	18.81521265286179
60-64	18.761805627962076	31.197207007954265	31.225644081463695	18.81534328261997
65-69	18.72594511413126	31.198291659059095	31.278229515114873	18.79753371169477
70-74	18.619825069641056	31.347490035653426	31.305291865981644	18.727393028723878
75-79	18.581021956352714	31.424362654943156	31.33369868696998	18.660916701734152
80-84	18.46483804280266	31.444179694042234	31.478693007436213	18.612289255718885
85-89	18.21563017178697	31.68539623251889	31.654413279171983	18.444560316522157
90	18.52132909869588	31.33205406089902	31.21990246594779	18.926714374457312
>>END_MODULE
>>Per base GC content	pass
#Base	%GC
1	42.45724097525033
2	40.01225004169694
3	35.970198929479594
4	35.89430004037366
5	37.452091518684
6	38.852193467490245
7	37.795920402625676
8	38.01270441098842
9	38.7529037371105
10-14	37.31769142806131
15-19	37.41336238254143
20-24	37.572128044241836
25-29	37.42737814260365
30-34	37.40330163395131
35-39	37.55689273239575
40-44	37.559673425321954
45-49	37.763708326497856
50-54	37.79494006952466
55-59	37.55136496217918
60-64	37.57714891058204
65-69	37.52347882582603
70-74	37.347218098364934
75-79	37.24193865808687
80-84	37.077127298521546
85-89	36.66019048830913
90	37.44804347315319
>>END_MODULE
>>Per sequence GC content	warn
#GC Content	Count
0	261.0
1	271.5
2	364.5
3	671.0
4	1088.0
5	1875.0
6	3418.5
7	5168.0
8	7662.0
9	11612.5
10	14506.0
11	18437.0
12	25653.5
13	33736.5
14	45158.0
15	61213.0
16	79445.0
17	105822.0
18	141731.0
19	186867.5
20	216864.0
21	253905.5
22	325866.0
23	420588.5
24	535659.0
25	650877.0
26	763009.5
27	887616.5
28	995114.0
29	1073211.5
30	1119781.5
31	1168746.0
32	1238945.5
33	1265179.5
34	1289125.0
35	1302799.5
36	1278754.5
37	1234908.0
38	1163330.0
39	1090282.0
40	1056356.5
41	1006109.0
42	912976.5
43	830081.5
44	762315.5
45	703339.0
46	639176.5
47	582925.5
48	536271.5
49	498936.5
50	481286.5
51	455078.5
52	419323.0
53	385630.0
54	347783.5
55	310856.5
56	274460.0
57	241779.0
58	209016.0
59	183647.5
60	171419.0
61	154408.5
62	137297.0
63	119966.0
64	100426.5
65	90092.5
66	79410.5
67	69309.5
68	56971.0
69	44774.0
70	40498.0
71	38557.5
72	35846.0
73	32005.0
74	29375.5
75	30212.0
76	27855.0
77	20969.0
78	14051.5
79	8436.0
80	5261.0
81	2791.0
82	1053.0
83	483.0
84	234.5
85	161.5
86	101.5
87	55.0
88	37.5
89	31.0
90	22.5
91	12.5
92	6.5
93	5.0
94	3.0
95	1.0
96	0.0
97	0.0
98	0.0
99	0.0
100	0.0
>>END_MODULE
>>Per base N content	pass
#Base	N-Count
1	0.0
2	1.3456636996526467E-4
3	7.475909442514705E-6
4	1.868977360628676E-5
5	1.0466273219520587E-4
6	3.4762978907693375E-4
7	2.6165683048801467E-5
8	0.0
9	1.495181888502941E-5
10-14	0.010260685709851431
15-19	5.8312093651614695E-5
20-24	3.7379547212573523E-6
25-29	4.410786571083676E-5
30-34	9.718682275269117E-5
35-39	5.905968459586616E-5
40-44	1.039151412509544E-4
45-49	4.0369910989579406E-5
50-54	5.7876174690920176E-5
55-59	3.5427606514950536E-4
60-64	8.387822922153944E-5
65-69	1.2667183667212057E-5
70-74	2.4268552697778876E-5
75-79	6.633847310278829E-6
80-84	5.128024113336854E-6
85-89	1.7836534811480267E-6
90	0.0
>>END_MODULE
>>Sequence Length Distribution	warn
#Length	Count
50	61732.0
51	75790.0
52	81660.0
53	82716.0
54	84666.0
55	87011.0
56	82981.0
57	86847.0
58	88180.0
59	87905.0
60	90724.0
61	88520.0
62	90301.0
63	98409.0
64	101608.0
65	97707.0
66	101324.0
67	103099.0
68	106108.0
69	108839.0
70	111856.0
71	109119.0
72	109585.0
73	121638.0
74	121967.0
75	121475.0
76	126159.0
77	134043.0
78	135396.0
79	140909.0
80	148713.0
81	156781.0
82	163064.0
83	176167.0
84	194289.0
85	209095.0
86	224848.0
87	238399.0
88	259425.0
89	535020.0
90	2.1408523E7
>>END_MODULE
>>Sequence Duplication Levels	fail
#Total Duplicate Percentage	72.66358661252889
#Duplication Level	Relative count
1	100.0
2	37.08102318548387
3	22.212071572580644
4	15.591922883064516
5	11.762852822580646
6	9.168661794354838
7	7.691217237903226
8	6.416960685483871
9	5.608933971774194
10++	99.48651713709677
>>END_MODULE
>>Overrepresented sequences	pass
>>END_MODULE
>>Kmer Content	pass
>>END_MODULE
