##FastQC	0.10.1
>>Basic Statistics	pass
#Measure	Value	
Filename	t2.1.fq	
File type	Conventional base calls	
Encoding	Sanger / Illumina 1.9	
Total Sequences	33464245	
Filtered Sequences	0	
Sequence length	100	
%GC	38	
>>END_MODULE
>>Per base sequence quality	pass
#Base	Mean	Median	Lower Quartile	Upper Quartile	10th Percentile	90th Percentile
1	31.635868730939546	31.0	31.0	34.0	30.0	34.0
2	31.80029521060463	31.0	31.0	34.0	30.0	34.0
3	31.87345741701329	31.0	31.0	34.0	30.0	34.0
4	35.49007909785504	37.0	35.0	37.0	33.0	37.0
5	35.49346994082789	37.0	35.0	37.0	33.0	37.0
6	35.51533181160968	37.0	35.0	37.0	33.0	37.0
7	35.564641784089254	37.0	35.0	37.0	33.0	37.0
8	35.48452660444005	37.0	35.0	37.0	33.0	37.0
9	37.05452030966185	39.0	37.0	39.0	33.0	39.0
10-14	37.19497761267287	39.2	37.0	39.4	33.0	39.4
15-19	37.96568734181811	40.0	37.0	41.0	33.0	41.0
20-24	37.71564452746507	39.2	37.0	41.0	32.0	41.0
25-29	37.2476692959904	39.0	36.0	40.4	31.4	41.0
30-34	37.23554965008175	39.0	36.0	40.4	31.0	41.0
35-39	36.78784979012674	39.0	35.6	40.0	30.0	41.0
40-44	36.18422536053032	38.0	34.6	40.0	29.0	41.0
45-49	35.79286523870477	38.0	34.0	40.0	28.0	41.0
50-54	35.444662211862244	38.0	33.4	40.0	27.0	41.0
55-59	34.82375002932234	37.0	33.0	40.0	26.0	41.0
60-64	34.27861575840124	36.0	32.0	39.2	26.0	41.0
65-69	33.26915843462179	35.2	31.0	38.6	24.2	40.0
70-74	32.19428526177716	34.4	30.4	37.4	22.2	39.8
75-79	30.828202710086543	33.8	28.8	36.2	19.8	39.0
80-84	30.134504400144095	34.0	29.0	35.4	17.4	37.4
85-89	29.070240706162657	33.0	27.8	35.0	10.2	36.2
90-94	27.789515902719454	32.6	26.4	35.0	2.0	35.4
95-99	25.908433027549258	31.8	23.4	34.0	2.0	35.0
100	24.628606024131127	31.0	18.0	34.0	2.0	35.0
>>END_MODULE
>>Per sequence quality scores	pass
#Quality	Count
12	3.0
13	49.0
14	602.0
15	4767.0
16	19835.0
17	53483.0
18	104777.0
19	165151.0
20	224168.0
21	276401.0
22	325512.0
23	385707.0
24	460596.0
25	557133.0
26	675352.0
27	817745.0
28	981189.0
29	1168770.0
30	1383267.0
31	1622622.0
32	1909615.0
33	2264222.0
34	2726270.0
35	3343107.0
36	4116560.0
37	4746220.0
38	4064161.0
39	1063167.0
40	3794.0
>>END_MODULE
>>Per base sequence content	fail
#Base	G	A	T	C
1	21.899386710500586	19.671958177399567	14.424540212215586	44.004114899884264
2	19.309547638173292	24.766204064717794	42.1680218146487	13.756226482460212
3	16.935568965101456	31.037809144059736	30.817362560579852	21.209259330258956
4	21.62055230366804	34.59077201108662	24.296736987289787	19.491938697955554
5	20.91751957947953	38.06447448612691	25.90282254985881	15.115183384534747
6	15.093536399820165	41.28180689568822	27.93107987345897	15.693576831032644
7	14.437152250110527	19.011326865435034	48.71612373146324	17.8353971529912
8	15.81697719461473	25.6505742173475	34.56038825917035	23.97206032886742
9	18.71497773220343	23.968157656029593	36.77284217827116	20.544022433495808
10-14	18.603378023320115	32.3082896386875	30.060090702778442	19.028241635213945
15-19	19.078483916191743	30.52374556784413	31.063097942296324	19.334672573667806
20-24	18.869630182616532	31.391243446662788	30.985494078019293	18.75363229270139
25-29	18.810959197042017	31.044739287847804	31.19311052924162	18.951190985868557
30-34	18.83633582133092	30.99644418603481	31.126920413087422	19.04029957954685
35-39	18.911075598510145	30.992466033380527	31.189583081945116	18.906875286164208
40-44	18.894802171358567	30.987199397029187	31.191144669414456	18.92685376219779
45-49	19.090682259818948	30.848616205033125	31.156607175618138	18.90409435952979
50-54	19.078044755398153	31.007548092045994	30.963378560988776	18.95102859156708
55-59	19.145954137019974	30.86467900291789	30.95190523497542	19.037461625086717
60-64	19.115931528814976	30.81754542231453	31.017525157070285	19.04899789180021
65-69	19.109246827071015	30.949486021163764	30.954258279864362	18.987008871900855
70-74	19.18105761862055	30.91434151730018	30.894496455446642	19.010104408632635
75-79	19.183020116608564	30.888115602899852	30.89480397241217	19.03406030807941
80-84	19.17615813382699	30.957211724871815	30.797267822019215	19.069362319281975
85-89	19.22181673254208	30.97810509324072	30.720043875385482	19.08003429883171
90-94	19.225105611239915	30.92015263191549	30.741682472565646	19.113059284278947
95-99	19.23737953150383	31.043605774664528	30.696866927549998	19.02214776628164
100	19.374980669666982	30.686196565916845	30.505801042276616	19.433021722139554
>>END_MODULE
>>Per base GC content	fail
#Base	%GC
1	65.90350161038485
2	33.065774120633506
3	38.14482829536041
4	41.11249100162359
5	36.03270296401428
6	30.787113230852807
7	32.27254940310173
8	39.78903752348215
9	39.25900016569924
10-14	37.631619658534056
15-19	38.41315648985955
20-24	37.62326247531792
25-29	37.762150182910574
30-34	37.87663540087777
35-39	37.81795088467435
40-44	37.82165593355636
45-49	37.994776619348734
50-54	38.029073346965234
55-59	38.18341576210669
60-64	38.16492942061519
65-69	38.09625569897187
70-74	38.191162027253185
75-79	38.21708042468798
80-84	38.245520453108966
85-89	38.30185103137379
90-94	38.33816489551886
95-99	38.259527297785475
100	38.80800239180654
>>END_MODULE
>>Per sequence GC content	warn
#GC Content	Count
0	70.0
1	97.5
2	151.5
3	274.0
4	472.0
5	808.0
6	1695.0
7	2718.5
8	3926.5
9	6126.5
10	9227.0
11	13290.5
12	19046.0
13	26098.5
14	34819.0
15	45963.5
16	59718.0
17	78812.5
18	103840.0
19	136448.5
20	176797.0
21	229705.5
22	297917.5
23	382001.5
24	481967.5
25	591379.0
26	717458.5
27	851248.0
28	973583.0
29	1070351.0
30	1166177.0
31	1268572.0
32	1332742.0
33	1355271.5
34	1379916.0
35	1416372.5
36	1443333.0
37	1428088.5
38	1344855.5
39	1254604.5
40	1179244.5
41	1089656.5
42	1008019.5
43	949431.0
44	882655.5
45	801459.0
46	730078.0
47	659567.5
48	602523.0
49	568437.5
50	535802.0
51	504259.5
52	469821.5
53	434637.0
54	396528.5
55	358256.5
56	328521.5
57	297887.5
58	266436.0
59	234090.0
60	193895.0
61	160428.5
62	141189.5
63	122145.5
64	109252.0
65	103851.5
66	88196.5
67	74336.5
68	73907.0
69	70108.0
70	53290.5
71	39749.5
72	36018.0
73	35560.0
74	35685.5
75	26885.0
76	22503.5
77	24300.0
78	19632.0
79	11808.5
80	7317.5
81	5260.0
82	3252.0
83	1490.0
84	546.5
85	213.0
86	84.0
87	45.5
88	25.5
89	10.5
90	6.0
91	2.5
92	1.0
93	0.5
94	0.0
95	2.0
96	2.5
97	1.5
98	5.5
99	7.5
100	5.5
>>END_MODULE
>>Per base N content	pass
#Base	N-Count
1	0.02470397882874692
2	3.7652126919343316E-4
3	0.0010638219986735095
4	0.00792786450135062
5	0.0
6	0.0
7	0.0
8	0.0
9	0.0
10-14	0.0
15-19	0.0
20-24	5.617936397489321E-4
25-29	2.3308459521498244E-4
30-34	1.9304185706266495E-4
35-39	2.0021369076158747E-4
40-44	2.1336205254294545E-4
45-49	5.1398141508944846E-5
50-54	5.976528082435448E-7
55-59	0.0
60-64	1.6196391103400062E-4
65-69	2.151550109676761E-5
70-74	1.7929584247306343E-6
75-79	5.522311948170353E-4
80-84	3.645682130285623E-5
85-89	4.422630781002231E-5
90-94	1.5299911891034746E-4
95-99	1.1833525603222186E-4
100	0.0
>>END_MODULE
>>Sequence Length Distribution	pass
#Length	Count
100	3.3464245E7
>>END_MODULE
>>Sequence Duplication Levels	fail
#Total Duplicate Percentage	76.85677460931207
#Duplication Level	Relative count
1	100.0
2	41.54835400370052
3	25.96039350028395
4	18.002454796929673
5	13.697400479967758
6	11.442284793082601
7	9.223807866341803
8	7.723450638430395
9	6.710388920438932
10++	132.07906644439151
>>END_MODULE
>>Overrepresented sequences	pass
>>END_MODULE
>>Kmer Content	warn
#Sequence	Count	Obs/Exp Overall	Obs/Exp Max	Max Obs/Exp Position
AAAAA	22017175	2.4698129	5.601594	2
GAAGA	7737430	2.286687	5.1936593	2
CGACG	2539850	1.9282254	7.2541275	1
CTTCT	6719205	1.9018278	5.585698	1
CGAGG	2459525	1.890971	5.1878214	1
TTCCA	6237105	1.7759578	5.0054116	6
CGGCG	1438660	1.7728078	5.064177	1
CGCGG	1382680	1.7038257	5.083111	1
TCGAG	3496870	1.6465049	5.194972	7
CTCGA	3531170	1.6417924	8.303826	1
CTGGA	3453285	1.6259829	7.233266	1
CTTCC	3551760	1.6209255	5.01479	1
CGAGA	3390870	1.6061682	5.4321194	1
CGCGA	2107110	1.599694	5.5368314	1
CTTTT	9098645	1.5972166	6.7066846	1
CTCCA	3405170	1.563344	6.4277043	1
CGCCA	2009635	1.5065482	5.047649	1
ATCGA	5067465	1.4700109	5.5268793	6
CCGGC	1207280	1.4690199	5.3774776	1
CTTCG	3168080	1.4641968	6.1303883	1
CTCGT	3150445	1.4560465	7.5493097	1
CGAAG	3048955	1.4442116	5.3190823	1
CTTCA	5042250	1.4357339	5.5640926	1
CTGGC	1886960	1.42402	5.1614027	1
CTCGC	1820550	1.3566635	6.2455654	1
CTCGG	1797360	1.3564022	7.688837	1
CGAAA	4367820	1.2746496	5.3092484	1
GAATC	4354190	1.2630984	5.364789	4
CTTTG	4316815	1.2373729	5.2962184	1
CTTGG	2640485	1.2358648	5.722862	1
CTTGA	4279050	1.2339023	5.6865788	1
AATCG	4207230	1.220467	5.137284	5
>>END_MODULE
