##FastQC	0.10.1
>>Basic Statistics	pass
#Measure	Value	
Filename	c3.2.fq	
File type	Conventional base calls	
Encoding	Sanger / Illumina 1.9	
Total Sequences	24653482	
Filtered Sequences	0	
Sequence length	100	
%GC	38	
>>END_MODULE
>>Per base sequence quality	pass
#Base	Mean	Median	Lower Quartile	Upper Quartile	10th Percentile	90th Percentile
1	30.646797073127438	31.0	31.0	34.0	27.0	34.0
2	30.555775285616857	31.0	31.0	34.0	26.0	34.0
3	30.688795237930286	31.0	31.0	34.0	26.0	34.0
4	34.17768731410841	37.0	35.0	37.0	28.0	37.0
5	34.13426342777868	35.0	35.0	37.0	28.0	37.0
6	34.314850575671215	37.0	35.0	37.0	30.0	37.0
7	34.54403191403146	37.0	35.0	37.0	30.0	37.0
8	34.322260198376846	37.0	35.0	37.0	30.0	37.0
9	35.7025079459364	38.0	35.0	39.0	30.0	39.0
10-14	35.973303535784524	38.2	35.2	39.4	30.0	39.4
15-19	36.66103982390804	39.0	36.0	41.0	30.0	41.0
20-24	36.439958769312994	39.0	35.0	40.4	29.0	41.0
25-29	36.46407950811979	39.0	35.0	40.6	29.4	41.0
30-34	36.20998954224803	38.4	35.0	40.0	28.6	41.0
35-39	36.10576713666653	38.0	34.8	40.0	28.8	41.0
40-44	35.74231490707885	38.0	34.0	40.0	27.0	41.0
45-49	35.47378601529796	38.0	33.4	40.0	27.0	41.0
50-54	34.73818721428478	37.2	32.8	39.6	26.0	40.4
55-59	35.0081040560518	37.2	33.0	40.0	26.0	41.0
60-64	34.544588062651755	36.4	32.6	39.6	26.0	41.0
65-69	33.658889693553235	35.4	31.4	39.0	25.2	40.4
70-74	32.72205471016224	35.0	31.0	37.8	23.6	40.0
75-79	31.65716917391223	34.2	30.0	36.4	21.2	39.0
80-84	30.628073219028455	34.0	29.2	35.4	19.2	37.6
85-89	29.555394949889838	33.8	29.0	35.0	14.4	36.4
90-94	28.3823192845538	33.0	27.2	35.0	4.0	35.6
95-99	26.994014792717717	32.6	25.6	35.0	2.0	35.0
100	25.96006199043202	32.0	24.0	34.0	2.0	35.0
>>END_MODULE
>>Per sequence quality scores	pass
#Quality	Count
11	4.0
12	945.0
13	5999.0
14	17360.0
15	36057.0
16	60930.0
17	91939.0
18	124951.0
19	160983.0
20	196367.0
21	233190.0
22	273700.0
23	320734.0
24	375219.0
25	437889.0
26	513709.0
27	598745.0
28	701287.0
29	822765.0
30	966415.0
31	1135006.0
32	1347940.0
33	1613179.0
34	1959775.0
35	2424904.0
36	3015805.0
37	3474166.0
38	2957813.0
39	782671.0
40	3035.0
>>END_MODULE
>>Per base sequence content	fail
#Base	G	A	T	C
1	21.735883084423218	19.491572420293434	13.732604246529956	45.03994024875338
2	19.24018314781815	24.483778710756727	42.319877801392515	13.95616034003261
3	16.403719177062506	30.468207250699646	31.408856755865422	21.719216816372427
4	21.548811332473385	33.88881571429516	24.457088347173336	20.10528460605812
5	21.242447103100393	37.499121243205686	26.263857127552242	14.994574526141683
6	15.20236342603964	40.97848171319425	28.006788412254757	15.812366448511355
7	14.621646592801463	18.9238949557571	48.54369810276185	17.910760348679588
8	16.053466470731838	25.565131837507664	34.35834738966306	24.023054302097446
9	19.03103961874585	23.72157123561548	36.54438284054496	20.70300630509371
10-14	18.973981406646026	32.001029831787626	29.794238969568536	19.230749791997816
15-19	19.159759193092636	30.424438403441368	31.023378571575005	19.392423831890994
20-24	18.992805263902692	31.24883309487244	30.96181834900508	18.796543292219788
25-29	18.87581693895545	30.953283350791512	31.143371128656057	19.027528581596982
30-34	18.91644879989508	30.947566947988864	31.072566494703963	19.063417757412097
35-39	18.973330039118064	30.951074859419524	31.12459795977961	18.9509971416828
40-44	18.922059189705106	30.957681114544776	31.144340264201315	18.975919431548796
45-49	19.06428393147769	30.842937617116945	31.169624236198068	18.923154215207294
50-54	18.997635278804356	31.033404409721555	30.983020335914325	18.985939975559766
55-59	19.058798705129757	30.89276676804195	30.982371879832144	19.066062646996155
60-64	19.04351687067658	30.850372576631024	31.061810015520653	19.044300537171743
65-69	18.98466031325595	30.99781472616872	31.049950713177953	18.967574247397376
70-74	19.065230067182153	30.9547353530232	30.957537431867156	19.022497147927496
75-79	19.135942616609704	30.921662442063138	30.910560364409694	19.03183457691747
80-84	19.12683696099336	30.969453636669037	30.867533722558505	19.036175679779106
85-89	19.15299716834343	30.972099221588927	30.821589281001444	19.0533143290662
90-94	19.15853379735944	30.926582455523217	30.823330211016785	19.091553536100562
95-99	19.13939620409115	31.059135089124663	30.853027262701342	18.948441444082846
100	19.251982293974777	30.65083738547112	30.696913614675918	19.400266705878177
>>END_MODULE
>>Per base GC content	fail
#Base	%GC
1	66.7758233331766
2	33.19634348785076
3	38.12293599343493
4	41.654095938531505
5	36.23702162924207
6	31.014729874550994
7	32.53240694148105
8	40.076520772829284
9	39.73404592383956
10-14	38.204731198643834
15-19	38.55218302498363
20-24	37.78934855612248
25-29	37.90334552055243
30-34	37.979866557307176
35-39	37.924327180800866
40-44	37.897978621253905
45-49	37.98743814668498
50-54	37.983575254364126
55-59	38.12486135212591
60-64	38.08781740784832
65-69	37.952234560653324
70-74	38.087727215109645
75-79	38.16777719352717
80-84	38.16301264077246
85-89	38.20631149740963
90-94	38.250087333459994
95-99	38.087837648174
100	38.65224899985296
>>END_MODULE
>>Per sequence GC content	warn
#GC Content	Count
0	65.0
1	74.5
2	108.5
3	217.0
4	391.0
5	665.0
6	1181.5
7	1985.5
8	3082.0
9	4845.5
10	7383.0
11	10776.0
12	15789.5
13	21963.5
14	29481.5
15	39102.5
16	50928.0
17	67921.5
18	89591.5
19	115824.0
20	147788.5
21	189327.5
22	241048.5
23	301018.0
24	373066.0
25	450169.0
26	535124.5
27	624498.5
28	704888.0
29	768138.5
30	831387.5
31	900968.0
32	943599.0
33	957717.5
34	973507.5
35	997842.5
36	1019483.5
37	1010997.5
38	958083.5
39	905978.0
40	862635.5
41	803177.0
42	745219.5
43	705229.5
44	660557.0
45	606649.0
46	560602.0
47	510194.5
48	463698.0
49	434164.0
50	408692.0
51	382936.5
52	355048.0
53	328519.0
54	298787.5
55	268960.0
56	245737.0
57	224244.0
58	203437.0
59	181516.5
60	154449.5
61	129056.0
62	113748.0
63	100584.0
64	89604.5
65	81727.0
66	68862.0
67	56853.5
68	53164.0
69	49554.5
70	39218.5
71	29997.5
72	25875.5
73	22439.5
74	20865.5
75	17910.5
76	14938.0
77	13410.5
78	10068.5
79	6438.5
80	3923.0
81	2405.5
82	1382.5
83	633.0
84	232.0
85	88.5
86	38.0
87	18.0
88	9.5
89	3.5
90	2.5
91	0.5
92	0.0
93	0.5
94	0.5
95	0.0
96	0.0
97	0.0
98	0.0
99	0.0
100	0.0
>>END_MODULE
>>Per base N content	pass
#Base	N-Count
1	0.013324689794326012
2	0.5490624001915835
3	0.0072687501100250265
4	0.006631923230965914
5	0.008838508085794939
6	0.005974815241108741
7	0.005187908142143978
8	0.0733364966457882
9	0.015770591756572156
10-14	5.492124804114891E-4
15-19	0.0016297900637321737
20-24	0.015727595801680264
25-29	0.002680351603071728
30-34	4.5673061517233145E-4
35-39	6.692766563360096E-4
40-44	0.0016946896182859685
45-49	0.002268239431655131
50-54	0.0034502225689661205
55-59	8.153006540820482E-4
60-64	5.581361691626359E-4
65-69	0.0026154520485179335
70-74	0.001448071310981548
75-79	0.0017798702836378244
80-84	0.0016224888638448718
85-89	0.0019972837913930373
90-94	0.003431563947031904
95-99	0.00424280837895434
100	0.003476182390787638
>>END_MODULE
>>Sequence Length Distribution	pass
#Length	Count
100	2.4653482E7
>>END_MODULE
>>Sequence Duplication Levels	fail
#Total Duplicate Percentage	70.53260564747504
#Duplication Level	Relative count
1	100.0
2	36.89697076177509
3	21.866444122340816
4	14.734776943236556
5	10.851964100086382
6	8.521105108270742
7	6.963294827308531
8	5.786152472145357
9	4.777382468777909
10++	82.42339057993294
>>END_MODULE
>>Overrepresented sequences	pass
>>END_MODULE
>>Kmer Content	warn
#Sequence	Count	Obs/Exp Overall	Obs/Exp Max	Max Obs/Exp Position
AAAAA	16266495	2.5015516	5.8498063	2
TTTTT	16457030	2.4283643	5.369032	2
CGCCG	1272210	2.0860496	6.3626323	1
CGACG	1972780	2.0271368	8.55222	1
CGAGG	1931270	2.0145085	5.7051916	1
CGGCG	1162720	1.9353638	5.4845614	1
CGCGG	1086230	1.8080451	6.1681237	1
CTTCT	4731220	1.8073384	5.3920403	1
CTCGA	2730405	1.7177414	9.0637665	1
TCGAG	2674565	1.7080696	5.157741	7
CGCGA	1659885	1.7056205	6.476521	1
CTTCC	2640210	1.6227695	5.3409767	1
CGAGA	2503890	1.6123462	5.5536323	1
CTGGA	2449880	1.5645779	6.750821	1
CGATC	2472885	1.5557314	5.362191	4
CGCCA	1533730	1.5525001	5.8890724	1
ATCGA	3927510	1.5484124	5.6098876	6
CTTTT	6512980	1.5463012	6.6309204	1
CTCCA	2462545	1.5261358	6.779572	1
CTTCG	2442595	1.524023	6.9453177	1
CGAAG	2335170	1.5037012	5.647788	1
CTCGT	2352445	1.4677752	7.654995	1
CTCGC	1445385	1.4510274	6.8700495	1
CCGGC	881045	1.4446542	5.1551485	1
CTCGG	1386820	1.4132984	8.487214	1
CGCGT	1365160	1.391225	5.0466914	1
CTTCA	3505840	1.3503585	5.534389	1
CTGGC	1317925	1.343088	5.109148	1
CGAAA	3376430	1.3422015	5.887706	1
GAATC	3251705	1.2819778	5.389279	4
AATCG	3157990	1.2450308	5.137618	5
CTTGG	1935940	1.2261785	5.891381	1
CTTTG	3145380	1.219723	5.4245944	1
CTTGA	3071880	1.2011104	5.475856	1
>>END_MODULE
