##FastQC	0.10.1
>>Basic Statistics	pass
#Measure	Value	
Filename	t4.1.fq	
File type	Conventional base calls	
Encoding	Sanger / Illumina 1.9	
Total Sequences	24513264	
Filtered Sequences	0	
Sequence length	50-90	
%GC	37	
>>END_MODULE
>>Per base sequence quality	pass
#Base	Mean	Median	Lower Quartile	Upper Quartile	10th Percentile	90th Percentile
1	37.62430074591454	39.0	37.0	39.0	35.0	39.0
2	37.555184980670056	39.0	37.0	39.0	35.0	39.0
3	37.558260662472364	39.0	37.0	39.0	35.0	39.0
4	38.86700767388627	40.0	38.0	41.0	36.0	41.0
5	38.839672472829406	40.0	38.0	41.0	35.0	41.0
6	38.78455512901097	40.0	38.0	41.0	35.0	41.0
7	38.75254311298569	40.0	38.0	41.0	35.0	41.0
8	38.70132529066713	40.0	38.0	41.0	35.0	41.0
9	38.72308204244037	40.0	38.0	41.0	35.0	41.0
10-14	38.56480921512533	40.0	38.0	41.0	34.0	41.0
15-19	38.28722786977695	40.0	37.8	41.0	34.0	41.0
20-24	38.34252828999027	40.0	38.0	41.0	34.0	41.0
25-29	38.06935420758329	39.8	37.2	41.0	33.2	41.0
30-34	37.63931394040385	39.0	36.6	40.4	32.6	41.0
35-39	37.37294647501858	39.0	36.0	40.0	32.0	41.0
40-44	37.096405578628776	38.6	35.2	40.0	31.4	41.0
45-49	36.46299481782597	38.0	34.6	40.0	30.4	41.0
50-54	35.86652315349334	37.2	34.0	40.0	29.4	41.0
55-59	35.175037583626036	36.2	33.2	39.0	28.6	40.4
60-64	34.47789214103115	35.0	32.6	38.2	28.2	40.0
65-69	33.614405757083276	34.6	31.6	36.4	27.8	39.2
70-74	33.39217785605247	34.4	32.0	36.0	27.8	38.2
75-79	32.82944186063979	34.0	31.2	35.0	27.0	36.8
80-84	32.38599467075295	34.0	31.0	35.0	26.8	36.0
85-89	32.11130000481179	34.0	31.0	35.0	26.0	35.0
90	32.289169295940205	34.0	31.0	35.0	27.0	35.0
>>END_MODULE
>>Per sequence quality scores	pass
#Quality	Count
23	1.0
24	7.0
25	113.0
26	1680.0
27	12384.0
28	56322.0
29	181008.0
30	437299.0
31	853431.0
32	1410903.0
33	2052205.0
34	2700916.0
35	3307723.0
36	3843918.0
37	4174803.0
38	3741930.0
39	1662554.0
40	76067.0
>>END_MODULE
>>Per base sequence content	warn
#Base	G	A	T	C
1	21.086628855300543	32.45656718746226	24.331480295728873	22.125323661508318
2	19.340602703907567	27.237596755780867	32.07857182952054	21.343228710791024
3	17.951603670567902	29.987650767355987	33.75319174141803	18.30755382065807
4	17.82880076680119	30.536684139655986	33.17914741994375	18.455367673599078
5	18.834040215941865	30.497807227956258	31.665024290522876	19.003128265578994
6	19.468508967226885	30.125408839883583	30.84618188748752	19.559900305402007
7	19.01102195121792	30.729677614535543	31.054648617989024	19.204651816257517
8	18.977452370275945	30.67530705009337	31.018664017978185	19.3285765616525
9	19.217840594381883	30.291812628461063	30.76892575382862	19.721421023328432
10-14	18.91090494219246	31.331850668770038	30.96769909888178	18.789545290155722
15-19	18.78394162442015	30.98947329086816	31.255403605166578	18.971181479545116
20-24	18.795392874574237	30.986370170636928	31.196807266413927	19.02142968837491
25-29	18.883251940663634	30.978001134406252	31.178369392178862	18.96037753275125
30-34	18.856348954590462	30.987141492050995	31.181720231136907	18.974789322221636
35-39	18.964445534466563	30.892760751893345	31.18337566143782	18.959418052202267
40-44	18.94896983119017	31.017547887543657	31.013625929211226	19.019856352054955
45-49	19.103833744865636	30.862704370988702	30.94556808101932	19.08789380312634
50-54	19.095122703846062	30.837841656139286	31.002395472760885	19.064640167253764
55-59	19.015774520446836	31.01290947310903	31.020247967897735	18.9510680385464
60-64	19.010606182418936	31.0076899199718	30.99144134644541	18.990262551163855
65-69	18.911432596563788	31.014390273617042	31.130395601816836	18.943781528002333
70-74	18.824980254739998	31.1374726909906	31.12860077892555	18.908946275343855
75-79	18.75285178643055	31.168873437227546	31.247152864421867	18.831121911920036
80-84	18.574665301045528	31.227205357625543	31.432359134711437	18.765770206617496
85-89	18.19274356474478	31.502988668468834	31.712722333882954	18.59154543290343
90	18.40288559831807	31.21488877567751	31.395109674725756	18.987115951278657
>>END_MODULE
>>Per base GC content	warn
#Base	%GC
1	43.21195251680886
2	40.68383141469859
3	36.25915749122598
4	36.284168440400265
5	37.83716848152086
6	39.02840927262889
7	38.21567376747544
8	38.306028931928445
9	38.939261617710315
10-14	37.70045023234818
15-19	37.75512310396527
20-24	37.81682256294915
25-29	37.84362947341488
30-34	37.8311382768121
35-39	37.92386358666883
40-44	37.96882618324512
45-49	38.191727547991974
50-54	38.15976287109982
55-59	37.966842558993235
60-64	38.00086873358279
65-69	37.855214124566125
70-74	37.73392653008385
75-79	37.58397369835059
80-84	37.340435507663024
85-89	36.78428899764821
90	37.39000154959673
>>END_MODULE
>>Per sequence GC content	warn
#GC Content	Count
0	239.0
1	270.5
2	382.0
3	706.0
4	1255.0
5	2102.0
6	3491.5
7	5111.0
8	7493.5
9	11425.0
10	14462.0
11	18038.0
12	24636.5
13	32497.0
14	42900.5
15	57451.5
16	74136.0
17	97982.5
18	130410.5
19	171011.0
20	199264.5
21	234156.5
22	298041.5
23	380918.0
24	483427.5
25	585601.0
26	685838.0
27	795418.5
28	888037.5
29	956800.0
30	1000068.0
31	1046120.0
32	1104424.5
33	1126361.5
34	1148887.5
35	1158238.0
36	1131740.5
37	1099898.5
38	1048649.0
39	986984.0
40	958976.5
41	919018.5
42	842842.5
43	776495.5
44	725078.0
45	679525.5
46	626708.0
47	578105.0
48	538672.0
49	506921.0
50	491048.5
51	467512.5
52	432721.0
53	396332.5
54	355959.5
55	316162.0
56	278639.5
57	245693.5
58	213123.0
59	187258.5
60	172239.5
61	153734.5
62	135495.5
63	118576.0
64	99479.0
65	87288.0
66	75667.5
67	65834.0
68	56037.5
69	46167.0
70	42008.0
71	39195.5
72	35150.5
73	30398.0
74	27328.5
75	28772.5
76	28348.5
77	22841.5
78	15789.5
79	9345.5
80	5344.0
81	2886.0
82	1255.0
83	608.0
84	272.5
85	133.0
86	78.0
87	54.0
88	37.0
89	29.5
90	21.0
91	15.5
92	13.5
93	7.5
94	3.0
95	1.5
96	1.0
97	0.5
98	0.0
99	0.0
100	0.0
>>END_MODULE
>>Per base N content	pass
#Base	N-Count
1	0.0
2	0.0
3	0.0
4	0.0
5	0.0
6	0.0
7	0.0
8	0.0
9	0.0
10-14	3.997835620748016E-5
15-19	0.0
20-24	1.6317696411216393E-6
25-29	0.0
30-34	0.0
35-39	0.0
40-44	0.0
45-49	0.0
50-54	3.2836050502830754E-5
55-59	0.0
60-64	0.0
65-69	3.4246529331585986E-5
70-74	0.0
75-79	0.0
80-84	9.67619765685068E-7
85-89	0.0
90	0.0
>>END_MODULE
>>Sequence Length Distribution	warn
#Length	Count
50	65233.0
51	83398.0
52	78142.0
53	81580.0
54	83448.0
55	93680.0
56	98583.0
57	102972.0
58	101465.0
59	103734.0
60	107264.0
61	114007.0
62	117009.0
63	129782.0
64	129794.0
65	128141.0
66	120161.0
67	120109.0
68	122447.0
69	123208.0
70	119662.0
71	121068.0
72	120990.0
73	128774.0
74	132915.0
75	138457.0
76	140240.0
77	146169.0
78	154430.0
79	163523.0
80	170751.0
81	185840.0
82	201502.0
83	224487.0
84	243000.0
85	271484.0
86	288669.0
87	308083.0
88	312723.0
89	618697.0
90	1.8217643E7
>>END_MODULE
>>Sequence Duplication Levels	fail
#Total Duplicate Percentage	70.48891633112733
#Duplication Level	Relative count
1	100.0
2	35.03219437445667
3	20.956548645184103
4	14.23772267161738
5	10.65729567254564
6	8.311600288791643
7	6.801337871487719
8	5.719842638023251
9	4.857887990098572
10++	88.1109195656338
>>END_MODULE
>>Overrepresented sequences	pass
>>END_MODULE
>>Kmer Content	pass
>>END_MODULE
