##FastQC	0.10.1
>>Basic Statistics	pass
#Measure	Value	
Filename	c2.1.fq	
File type	Conventional base calls	
Encoding	Sanger / Illumina 1.9	
Total Sequences	25931890	
Filtered Sequences	0	
Sequence length	100	
%GC	38	
>>END_MODULE
>>Per base sequence quality	pass
#Base	Mean	Median	Lower Quartile	Upper Quartile	10th Percentile	90th Percentile
1	31.622788042059412	31.0	31.0	34.0	30.0	34.0
2	31.78411018248188	31.0	31.0	34.0	30.0	34.0
3	31.86122623534189	31.0	31.0	34.0	30.0	34.0
4	35.48174957552265	37.0	35.0	37.0	33.0	37.0
5	35.4855802257375	37.0	35.0	37.0	33.0	37.0
6	35.50461929307891	37.0	35.0	37.0	33.0	37.0
7	35.556398781577435	37.0	35.0	37.0	33.0	37.0
8	35.47521495733631	37.0	35.0	37.0	33.0	37.0
9	37.0407534121115	39.0	37.0	39.0	33.0	39.0
10-14	37.177500236195655	39.2	37.0	39.4	33.0	39.4
15-19	37.950660534191684	40.0	37.0	41.0	33.0	41.0
20-24	37.701832392471196	39.2	36.8	41.0	32.0	41.0
25-29	37.23220975409043	39.0	36.0	40.2	31.2	41.0
30-34	37.218452006390585	39.0	36.0	40.0	31.0	41.0
35-39	36.76724590455999	38.8	35.4	40.0	30.0	41.0
40-44	36.153077858960536	38.0	34.6	40.0	29.0	41.0
45-49	35.75343836488586	38.0	34.0	40.0	28.0	41.0
50-54	35.39996077416648	38.0	33.4	40.0	27.0	41.0
55-59	34.76853367031866	37.0	33.0	40.0	26.0	41.0
60-64	34.22209428622442	36.0	32.0	39.2	26.0	40.8
65-69	33.225992544315126	35.0	31.0	38.6	24.2	40.0
70-74	32.17385723138575	34.4	30.2	37.4	22.2	39.8
75-79	30.82897734025557	33.8	29.0	36.0	20.0	39.0
80-84	30.166985082845873	34.0	29.0	35.2	18.0	37.4
85-89	29.13426860903698	33.0	28.2	35.0	10.8	36.2
90-94	27.89049821667453	32.6	26.4	35.0	3.0	35.4
95-99	26.045640290777108	31.8	23.6	34.0	2.0	35.0
100	24.787020961449397	31.0	19.0	34.0	2.0	35.0
>>END_MODULE
>>Per sequence quality scores	pass
#Quality	Count
12	3.0
13	36.0
14	363.0
15	3593.0
16	14891.0
17	40248.0
18	79898.0
19	125589.0
20	170092.0
21	210152.0
22	248394.0
23	293735.0
24	352474.0
25	427863.0
26	520772.0
27	633288.0
28	761499.0
29	912542.0
30	1078347.0
31	1269396.0
32	1492650.0
33	1775237.0
34	2136685.0
35	2616678.0
36	3210218.0
37	3655780.0
38	3082653.0
39	815743.0
40	3071.0
>>END_MODULE
>>Per base sequence content	fail
#Base	G	A	T	C
1	22.687073507457388	19.728414084953826	14.475454673373905	43.10905773421488
2	19.36782861596518	24.925079430476803	41.27861636430364	14.428475589254381
3	17.050566456718485	30.751290402530312	30.876188032402275	21.321955108348924
4	21.989751245131853	34.370062627594585	24.232400084782814	19.407786042490752
5	21.176875268250793	37.76443598981794	26.03251826226318	15.026170479668085
6	15.116167776432802	41.22906197735684	27.8877860425908	15.766984203619558
7	14.572624671784432	18.82863146496457	48.751467787346	17.847276075904997
8	16.098398535548313	25.337740519491636	34.2401652945466	24.32369565041345
9	19.106837180012718	23.528674539341328	36.525594547871364	20.838893732774586
10-14	19.00104388843235	31.996451473456045	29.683243296188593	19.319261341923013
15-19	19.22644820720742	30.36784515127898	30.90803562717565	19.497671014337943
20-24	19.04491362990111	31.199588661626514	30.80865076986001	18.946846938612367
25-29	19.036669388854623	30.851562592369564	30.995064190709886	19.116703828065923
30-34	19.024088289252283	30.825298491962823	30.982916994673808	19.16769622411109
35-39	19.144930811036083	30.789956216162945	30.95181970108699	19.113293271713978
40-44	19.155814953426	30.79908760848146	30.936638149611383	19.108459288481153
45-49	19.289638732418688	30.681875096666722	30.949225542495544	19.079260628419046
50-54	19.287641736006453	30.81352906258301	30.75495870725164	19.143870494158893
55-59	19.363227285014705	30.69260667078258	30.728705852138045	19.215460192064672
60-64	19.321247283591163	30.66455935827727	30.800252736330286	19.213940621801278
65-69	19.3080740616575	30.798949395318164	30.7528270254721	19.14014951755224
70-74	19.387254843360818	30.75956052566936	30.64677969866446	19.206404932305357
75-79	19.3663181778981	30.735472910579436	30.67398918351008	19.224219728012386
80-84	19.37154533360202	30.785012530675754	30.56740240553929	19.27603973018294
85-89	19.4217404495096	30.806149333312067	30.508531086784625	19.263579130393712
90-94	19.40944903387668	30.742644271879954	30.540637818409277	19.307268875834087
95-99	19.42927429934553	30.87932915620058	30.50136544802804	19.19003109642585
100	19.52511367277896	30.511910238706086	30.349396052505234	19.61358003600972
>>END_MODULE
>>Per base GC content	fail
#Base	%GC
1	65.79613124167226
2	33.79630420521956
3	38.372521565067416
4	41.397537287622605
5	36.20304574791888
6	30.88315198005236
7	32.419900747689425
8	40.42209418596177
9	39.945730912787305
10-14	38.320305230355366
15-19	38.72411922154536
20-24	37.99176056851348
25-29	38.15337321692055
30-34	38.191784513363366
35-39	38.25822408275006
40-44	38.26427424190715
45-49	38.36889936083773
50-54	38.431512230165346
55-59	38.578687477079384
60-64	38.53518790539244
65-69	38.44822357920974
70-74	38.593659775666175
75-79	38.59053790591048
80-84	38.64758506378496
85-89	38.68531957990331
90-94	38.716717909710766
95-99	38.61930539577138
100	39.13869370878867
>>END_MODULE
>>Per sequence GC content	warn
#GC Content	Count
0	60.0
1	83.5
2	118.0
3	195.5
4	348.5
5	626.5
6	1161.0
7	1945.5
8	3033.0
9	4681.0
10	7009.5
11	10282.0
12	14983.5
13	20507.5
14	27622.5
15	36640.5
16	47426.5
17	62958.5
18	83182.0
19	108383.0
20	139971.0
21	181955.5
22	234800.0
23	297780.0
24	373745.0
25	455686.5
26	547308.0
27	645307.0
28	732596.5
29	801582.0
30	870930.0
31	943230.5
32	988472.0
33	1002228.5
34	1014822.5
35	1040106.5
36	1065409.5
37	1057037.5
38	1000800.5
39	946955.5
40	903100.5
41	840975.0
42	779152.5
43	737116.0
44	692268.0
45	638182.5
46	594265.5
47	545838.0
48	496490.0
49	463606.0
50	440388.5
51	418076.5
52	391823.5
53	367518.0
54	333825.0
55	297498.5
56	272127.0
57	248784.0
58	227835.5
59	208136.5
60	178014.5
61	146872.0
62	127854.5
63	113260.5
64	102839.0
65	94002.5
66	78368.0
67	64771.0
68	60684.0
69	57684.0
70	46233.0
71	34905.5
72	29102.0
73	25223.5
74	22794.0
75	17556.0
76	15446.0
77	15574.5
78	12064.0
79	7367.5
80	4733.0
81	3574.0
82	2257.0
83	1038.5
84	405.0
85	151.0
86	69.5
87	39.5
88	17.0
89	6.0
90	7.5
91	5.5
92	2.5
93	0.5
94	0.5
95	0.5
96	1.0
97	1.5
98	2.5
99	5.5
100	5.0
>>END_MODULE
>>Per base N content	pass
#Base	N-Count
1	0.024934549699231333
2	3.586317850337943E-4
3	9.756327055220425E-4
4	0.008121274615926568
5	0.0
6	0.0
7	0.0
8	0.0
9	0.0
10-14	0.0
15-19	0.0
20-24	5.761246095059018E-4
25-29	2.0592405721295287E-4
30-34	1.3882520710985588E-4
35-39	1.4499521631473834E-4
40-44	1.5425023012206207E-4
45-49	3.3935050626853654E-5
50-54	7.712511506103103E-7
55-59	0.0
60-64	1.635052439293858E-4
65-69	1.8510027614647447E-5
70-74	0.0
75-79	5.799808652589534E-4
80-84	3.239254832563303E-5
85-89	4.7046320187228934E-5
90-94	1.7430276003793015E-4
95-99	1.3574020250741462E-4
100	0.0
>>END_MODULE
>>Sequence Length Distribution	pass
#Length	Count
100	2.593189E7
>>END_MODULE
>>Sequence Duplication Levels	fail
#Total Duplicate Percentage	72.7310512085492
#Duplication Level	Relative count
1	100.0
2	39.71873035826524
3	23.186675047140163
4	16.029226901319923
5	11.97517284726587
6	9.528598365807667
7	7.719987429289755
8	6.261785040854808
9	5.534255185417976
10++	94.31332495285983
>>END_MODULE
>>Overrepresented sequences	pass
>>END_MODULE
>>Kmer Content	warn
#Sequence	Count	Obs/Exp Overall	Obs/Exp Max	Max Obs/Exp Position
AAAAA	16215935	2.4158256	5.9323835	2
TTTTT	16520810	2.4024131	5.1236486	2
CGCCG	1384690	2.0691998	5.4115973	1
CGAGG	2078260	1.9868097	5.384936	1
CGACG	2096170	1.9833666	7.574034	1
CGGCG	1252100	1.8904651	5.187145	1
CGCGG	1173430	1.7716864	5.762045	1
TTCCA	4759600	1.7516114	5.0082636	6
TCGAG	2796550	1.6673406	5.2047396	7
CGCGA	1752800	1.6584749	6.1120205	1
CTCGA	2803395	1.6542695	8.056265	1
CGAGA	2662415	1.5950673	5.4694414	1
CTGGA	2630585	1.5683901	6.640262	1
CTTTT	6708660	1.5481993	5.886798	1
ATCGA	4112350	1.5365217	5.674059	6
CGATC	2598275	1.5332291	5.0965257	4
CGCCA	1631970	1.5283009	5.2178736	1
CTCCA	2583965	1.509137	5.5436254	1
CTTCG	2532030	1.4869258	5.6369486	1
CGAAG	2471495	1.4806861	5.2200327	1
CCGGC	973110	1.4541587	5.1066475	1
CTCGT	2445660	1.4362055	6.954051	1
CTCGC	1511720	1.4088559	6.0456038	1
CTGGC	1477085	1.3908508	5.005089	1
CTCGG	1461300	1.3759874	7.4823136	1
CGAAA	3514305	1.3194398	5.520428	1
GAATC	3410685	1.2743545	5.5052233	4
CTTGG	2099255	1.2455624	5.741265	1
AATCG	3283370	1.226785	5.066444	5
CTTGA	3269825	1.2158267	5.316037	1
>>END_MODULE
