##FastQC	0.10.1
>>Basic Statistics	pass
#Measure	Value	
Filename	t1.1.fq	
File type	Conventional base calls	
Encoding	Sanger / Illumina 1.9	
Total Sequences	16536414	
Filtered Sequences	0	
Sequence length	50-90	
%GC	37	
>>END_MODULE
>>Per base sequence quality	pass
#Base	Mean	Median	Lower Quartile	Upper Quartile	10th Percentile	90th Percentile
1	37.61371655305679	39.0	37.0	39.0	35.0	39.0
2	37.54390395644425	39.0	37.0	39.0	35.0	39.0
3	37.54677453043931	39.0	37.0	39.0	35.0	39.0
4	38.85606770609396	40.0	38.0	41.0	36.0	41.0
5	38.829665246649	40.0	38.0	41.0	35.0	41.0
6	38.77617517316632	40.0	38.0	41.0	35.0	41.0
7	38.747687678840165	40.0	38.0	41.0	35.0	41.0
8	38.69747570422463	40.0	38.0	41.0	35.0	41.0
9	38.720290928855555	40.0	38.0	41.0	35.0	41.0
10-14	38.56237141861591	40.0	38.0	41.0	34.0	41.0
15-19	38.282663653679684	40.0	37.8	41.0	34.0	41.0
20-24	38.33961239722228	40.0	38.0	41.0	34.0	41.0
25-29	38.06876680760412	39.8	37.2	41.0	33.2	41.0
30-34	37.6453064854327	39.0	36.6	40.4	32.6	41.0
35-39	37.38478339983506	39.0	36.0	40.0	32.0	41.0
40-44	37.113452457104664	38.6	35.2	40.0	31.4	41.0
45-49	36.495223015098674	38.0	34.6	40.0	30.6	41.0
50-54	35.91097406381893	37.2	34.0	40.0	29.4	41.0
55-59	35.22590115049594	36.2	33.4	39.0	28.8	40.4
60-64	34.52648476291695	35.2	32.8	38.4	28.2	40.0
65-69	33.655032761489025	34.6	31.8	36.4	27.8	39.2
70-74	33.42221335751411	34.4	32.0	36.0	27.8	38.2
75-79	32.855341088449904	34.0	31.2	35.0	27.0	36.8
80-84	32.40821706766895	34.0	31.0	35.0	26.8	36.0
85-89	32.133223685915574	34.0	31.0	35.0	26.2	35.0
90	32.30354108075874	34.0	31.0	35.0	27.0	35.0
>>END_MODULE
>>Per sequence quality scores	pass
#Quality	Count
24	4.0
25	75.0
26	1051.0
27	8317.0
28	38235.0
29	121910.0
30	293958.0
31	572731.0
32	947234.0
33	1376749.0
34	1806865.0
35	2211306.0
36	2574302.0
37	2820381.0
38	2569275.0
39	1141616.0
40	52405.0
>>END_MODULE
>>Per base sequence content	warn
#Base	G	A	T	C
1	21.115339758668355	32.66454262695648	24.27145329090092	21.948664323474244
2	19.314187465311402	27.457125831513412	32.118196847272934	21.110489855902255
3	17.87723142393508	30.307350795644084	33.872343786264665	17.94307399415617
4	17.787465891940055	30.647478951603414	33.24618021779087	18.318874938665665
5	18.72395067032066	30.583571504680517	31.82890196145307	18.863575863545748
6	19.302540441960392	30.276654902326467	31.10151330270275	19.319291353010392
7	18.93350033447397	30.79632621679646	31.153713253671565	19.11646019505801
8	18.777039568554585	30.90483825574275	31.177358041471386	19.14076413423128
9	19.060825400234897	30.539795387319163	31.024991270779744	19.37438794166619
10-14	18.81780750579987	31.443954317814676	31.063812484342122	18.67442569204333
15-19	18.737683015648773	31.166299188763645	31.27507730847906	18.820940487108516
20-24	18.700585492121636	31.152054262212523	31.293690775928695	18.853669469737145
25-29	18.80591523651984	31.091702227580903	31.270050447454935	18.832332088444325
30-34	18.749698922023832	31.12498672475165	31.283838579317603	18.841475773906915
35-39	18.87063664468004	31.016750064433555	31.311223823980217	18.801389466906187
40-44	18.848486739628072	31.146862917195957	31.098229640356124	18.906420702819847
45-49	18.99681273098267	31.000210807494298	31.0408919370306	18.962084524492433
50-54	19.011650413348676	30.966291531065853	31.104918698770994	18.917139356814477
55-59	18.949530992550834	31.070655044553792	31.09675213606602	18.88306182682936
60-64	18.955080626376038	31.115743480486913	31.086921137288932	18.842254755848117
65-69	18.831436846743628	31.126572867142304	31.23297938229421	18.80901090381986
70-74	18.768400711742423	31.225087298729765	31.206507757736464	18.80000423179135
75-79	18.677285815439866	31.28319413211195	31.32073597934319	18.718784073104995
80-84	18.48469970359107	31.33327855278827	31.532728496382962	18.649293247237704
85-89	18.132432486140505	31.596135480851988	31.772448811274312	18.498983221733198
90	18.265767671923342	31.41325774046991	31.55432961432788	18.766644973278872
>>END_MODULE
>>Per base GC content	warn
#Base	%GC
1	43.064004082142596
2	40.42467732121365
3	35.820305418091245
4	36.10634083060572
5	37.58752653386641
6	38.62183179497079
7	38.04996052953198
8	37.91780370278586
9	38.43521334190109
10-14	37.4922331978432
15-19	37.55862350275729
20-24	37.55425496185878
25-29	37.63824732496417
30-34	37.59117469593075
35-39	37.67202611158623
40-44	37.75490744244792
45-49	37.9588972554751
50-54	37.92878977016315
55-59	37.83259281938019
60-64	37.797335382224155
65-69	37.64044775056349
70-74	37.56840494353377
75-79	37.396069888544865
80-84	37.13399295082878
85-89	36.63141570787371
90	37.032412645202214
>>END_MODULE
>>Per sequence GC content	warn
#GC Content	Count
0	175.0
1	197.0
2	253.0
3	446.5
4	774.5
5	1327.0
6	2289.0
7	3409.0
8	5175.5
9	7862.5
10	9844.0
11	12320.5
12	16711.5
13	22216.0
14	29677.0
15	39888.0
16	51629.0
17	68065.0
18	90301.0
19	117816.5
20	136663.0
21	160228.0
22	204479.5
23	261318.5
24	331123.0
25	400580.5
26	467466.5
27	542836.0
28	606121.5
29	650172.5
30	677828.0
31	710617.5
32	752867.0
33	770656.0
34	787557.0
35	793525.5
36	780845.5
37	758578.0
38	720346.0
39	678840.5
40	657459.5
41	627503.5
42	573726.5
43	525088.5
44	485694.0
45	452857.0
46	413665.0
47	378353.0
48	349686.5
49	325814.0
50	313456.5
51	296052.0
52	273666.5
53	251851.0
54	225580.0
55	199650.5
56	176194.5
57	157406.5
58	138047.5
59	121173.0
60	111627.5
61	101210.0
62	91279.5
63	81488.0
64	69856.5
65	61533.5
66	52591.0
67	45262.5
68	37544.5
69	29788.5
70	26641.5
71	24013.0
72	21391.5
73	19196.0
74	17086.0
75	15528.0
76	14191.0
77	12697.0
78	10047.0
79	6363.5
80	3565.0
81	1800.5
82	715.0
83	320.5
84	156.5
85	95.0
86	57.0
87	36.0
88	27.5
89	17.0
90	8.5
91	2.5
92	2.0
93	3.5
94	3.5
95	2.0
96	0.5
97	0.0
98	0.0
99	0.0
100	0.0
>>END_MODULE
>>Per base N content	pass
#Base	N-Count
1	0.0
2	0.0
3	0.0
4	0.0
5	0.0
6	0.0
7	0.0
8	0.0
9	0.0
10-14	4.354027420939026E-5
15-19	1.2094520613719515E-6
20-24	1.2094520613719515E-6
25-29	0.0
30-34	1.2094520613719515E-6
35-39	0.0
40-44	0.0
45-49	0.0
50-54	5.1106763818353274E-5
55-59	0.0
60-64	0.0
65-69	3.251077940406233E-5
70-74	0.0
75-79	1.3766215655614988E-6
80-84	0.0
85-89	0.0
90	0.0
>>END_MODULE
>>Sequence Length Distribution	warn
#Length	Count
50	43569.0
51	55757.0
52	52420.0
53	54780.0
54	55425.0
55	62593.0
56	65519.0
57	68269.0
58	67209.0
59	68983.0
60	72076.0
61	75538.0
62	77962.0
63	85971.0
64	85888.0
65	85530.0
66	80061.0
67	80012.0
68	82376.0
69	82050.0
70	80204.0
71	80266.0
72	81495.0
73	85612.0
74	88244.0
75	93156.0
76	93499.0
77	97681.0
78	102937.0
79	109075.0
80	113820.0
81	123861.0
82	134282.0
83	149205.0
84	161531.0
85	182131.0
86	192294.0
87	205668.0
88	210071.0
89	413838.0
90	1.2335556E7
>>END_MODULE
>>Sequence Duplication Levels	fail
#Total Duplicate Percentage	65.6386277846061
#Duplication Level	Relative count
1	100.0
2	32.895440311616895
3	18.619364036762647
4	12.42521449120395
5	9.146108607652945
6	6.9681000025458895
7	5.702792840958272
8	4.7251712110797115
9	4.124341251050179
10++	59.98243336133812
>>END_MODULE
>>Overrepresented sequences	pass
>>END_MODULE
>>Kmer Content	pass
>>END_MODULE
