##FastQC	0.10.1
>>Basic Statistics	pass
#Measure	Value	
Filename	t3.2.fq	
File type	Conventional base calls	
Encoding	Sanger / Illumina 1.9	
Total Sequences	21555891	
Filtered Sequences	0	
Sequence length	50-90	
%GC	37	
>>END_MODULE
>>Per base sequence quality	pass
#Base	Mean	Median	Lower Quartile	Upper Quartile	10th Percentile	90th Percentile
1	37.00899842182353	39.0	37.0	39.0	33.0	39.0
2	36.98258824003146	39.0	37.0	39.0	33.0	39.0
3	36.960651730888785	39.0	37.0	39.0	33.0	39.0
4	38.111258634588566	40.0	38.0	41.0	33.0	41.0
5	38.10555824391578	40.0	37.0	41.0	33.0	41.0
6	38.09531839811215	40.0	37.0	41.0	33.0	41.0
7	38.05122414100164	40.0	37.0	41.0	33.0	41.0
8	38.06887105710453	40.0	37.0	41.0	33.0	41.0
9	38.08457224060003	40.0	37.0	41.0	33.0	41.0
10-14	37.915793459894566	39.4	37.0	41.0	33.0	41.0
15-19	38.00625231404259	39.8	37.0	41.0	33.0	41.0
20-24	37.79151908867975	39.0	37.0	41.0	33.0	41.0
25-29	37.666620145741135	39.0	37.0	41.0	32.6	41.0
30-34	37.40685474796658	39.0	36.0	40.0	31.6	41.0
35-39	37.13176877726836	38.8	35.6	40.0	31.0	41.0
40-44	36.44407361310187	37.8	34.8	39.6	30.6	40.6
45-49	36.716008445208786	38.0	35.0	40.0	31.0	41.0
50-54	36.23873082217745	37.6	34.2	40.0	30.2	41.0
55-59	35.631987387345326	36.4	34.0	39.4	29.6	41.0
60-64	34.97313031088026	35.4	33.2	38.6	29.0	40.0
65-69	34.27328180726939	35.0	33.0	37.2	29.0	39.4
70-74	33.61749361946842	35.0	32.0	36.0	28.8	38.2
75-79	33.03100228187869	34.0	32.0	35.0	27.6	36.8
80-84	32.61790045095897	34.0	31.2	35.0	27.0	36.0
85-89	32.5367200853321	34.0	31.0	35.0	27.0	35.2
90	32.69037855270364	34.0	31.0	35.0	29.0	35.0
>>END_MODULE
>>Per sequence quality scores	pass
#Quality	Count
23	2.0
24	25.0
25	442.0
26	4301.0
27	23819.0
28	91218.0
29	250318.0
30	526843.0
31	905886.0
32	1331116.0
33	1755806.0
34	2179662.0
35	2645736.0
36	3192414.0
37	3649807.0
38	3405613.0
39	1528346.0
40	64537.0
>>END_MODULE
>>Per base sequence content	warn
#Base	G	A	T	C
1	21.161825321903883	32.3442162516038	24.24327530696829	22.25068311952403
2	19.4084816608244	27.1843340524421	32.020269765296646	21.38691452143685
3	17.990566940610343	30.08369266665897	33.53249466700309	18.393245725727596
4	17.94371366451182	30.53612866534987	33.07448836835261	18.445669301785696
5	18.856896321768428	30.47527878130672	31.672571862659254	18.9952530342656
6	19.407269752668526	29.98781442162528	30.94708252425135	19.65783330145484
7	18.956642234823576	30.68141716287687	31.111963159944487	19.249977442355068
8	18.90645665755392	30.6339798542301	31.036459176587	19.42310431162898
9	19.146454940427873	30.260556211885703	30.777482308080494	19.815506539605934
10-14	18.885020615959494	31.275612667714903	30.973330320701464	18.866036395624135
15-19	18.771332695165597	30.971034575105616	31.21760767707401	19.040025052654777
20-24	18.777456589986592	30.96368099029042	31.19075581131405	19.068106608408932
25-29	18.859067338302733	30.944435004380523	31.160238762504918	19.03625889481183
30-34	18.794365936765782	30.990539494597186	31.140250009146005	19.074844559491027
35-39	18.89884746230963	30.877232159301116	31.20792713396705	19.0159932444222
40-44	18.96223852819009	31.04581820972705	30.90637591784393	19.085567344238928
45-49	19.098827217424244	30.847459363244912	30.909677190811554	19.144036228519294
50-54	19.113540705532653	30.7979237219792	30.96907495774858	19.119460614739566
55-59	18.977606655699734	30.992117212865843	31.010758811133233	19.01951732030119
60-64	19.06529704438097	30.971709712353967	30.950514929114608	19.012478314150457
65-69	18.958883927703475	30.984139206022792	31.06246703903964	18.994509827234094
70-74	18.9040113140818	31.093712255175955	31.023071575342513	18.979204855399733
75-79	18.873433561738455	31.183511530967834	31.06364415353497	18.87941075375874
80-84	18.72637157476606	31.199091785124182	31.24208161446725	18.83245502564251
85-89	18.449757688603967	31.476850848362037	31.40313924263916	18.670252220394836
90	18.713419335736003	31.171887202341047	31.082064883696646	19.032628578226305
>>END_MODULE
>>Per base GC content	warn
#Base	%GC
1	43.41250844142792
2	40.79539618226125
3	36.38381266633794
4	36.38938296629752
5	37.852149356034026
6	39.06510305412337
7	38.206619677178644
8	38.3295609691829
9	38.96196148003381
10-14	37.75105701158363
15-19	37.811357747820374
20-24	37.845563198395524
25-29	37.89532623311456
30-34	37.86921049625681
35-39	37.91484070673184
40-44	38.04780587242902
45-49	38.242863445943534
50-54	38.23300132027222
55-59	37.99712397600092
60-64	38.077775358531426
65-69	37.95339375493757
70-74	37.883216169481535
75-79	37.75284431549719
80-84	37.558826600408565
85-89	37.1200099089988
90	37.74604791396231
>>END_MODULE
>>Per sequence GC content	warn
#GC Content	Count
0	150.0
1	183.0
2	236.5
3	417.5
4	741.0
5	1424.0
6	2701.0
7	3778.0
8	5320.0
9	8100.0
10	10072.5
11	12504.5
12	17502.5
13	23521.5
14	31447.5
15	42417.5
16	55169.0
17	74232.5
18	100254.0
19	132823.5
20	154562.5
21	182739.5
22	236179.5
23	305673.5
24	393955.0
25	484943.5
26	573553.0
27	674382.0
28	759929.5
29	820356.0
30	857953.5
31	905115.0
32	964905.5
33	988204.0
34	1017326.5
35	1037228.5
36	1025817.5
37	1002385.0
38	956641.5
39	910216.5
40	893445.0
41	856133.5
42	784079.5
43	715806.0
44	662376.5
45	615178.5
46	556123.0
47	506645.0
48	466639.0
49	434875.0
50	421745.5
51	400369.0
52	369061.5
53	337100.5
54	302394.5
55	268231.0
56	234521.5
57	202724.5
58	171624.0
59	150011.5
60	139239.0
61	123442.5
62	105530.5
63	90691.0
64	77022.0
65	68256.5
66	58729.0
67	51157.5
68	43137.0
69	35309.5
70	32606.0
71	30546.5
72	27200.0
73	23475.0
74	21214.0
75	21720.0
76	20096.5
77	15225.0
78	10295.5
79	6148.5
80	3823.5
81	2121.0
82	817.5
83	342.0
84	146.5
85	96.5
86	73.0
87	45.5
88	23.5
89	18.0
90	14.5
91	9.5
92	5.0
93	2.5
94	2.5
95	1.5
96	0.0
97	0.0
98	0.0
99	0.0
100	0.0
>>END_MODULE
>>Per base N content	pass
#Base	N-Count
1	0.0
2	1.9484232871654436E-4
3	0.0
4	9.278206129359255E-6
5	7.422564903487404E-5
6	3.8040645130372943E-4
7	2.7834618388077766E-5
8	4.639103064679627E-6
9	2.3195515323398138E-5
10-14	0.01021066584535986
15-19	5.4741416163219604E-5
20-24	1.855641225871851E-6
25-29	4.917449248560405E-5
30-34	1.0948283232643921E-4
35-39	6.773090474432256E-5
40-44	9.46377025194644E-5
45-49	5.288577493734776E-5
50-54	4.4777106003025925E-5
55-59	3.297877486049978E-4
60-64	7.230418892872475E-5
65-69	6.8804325991397354E-6
70-74	3.0138085474503664E-5
75-79	4.12149062157385E-6
80-84	1.2752840065453103E-5
85-89	0.0
90	0.0
>>END_MODULE
>>Sequence Length Distribution	warn
#Length	Count
50	50436.0
51	60771.0
52	65589.0
53	66582.0
54	68626.0
55	70523.0
56	67477.0
57	70228.0
58	72040.0
59	71138.0
60	73182.0
61	71551.0
62	73506.0
63	79582.0
64	82533.0
65	79859.0
66	82877.0
67	84312.0
68	86155.0
69	89127.0
70	89900.0
71	89428.0
72	89735.0
73	99807.0
74	101288.0
75	99424.0
76	104336.0
77	111883.0
78	111460.0
79	115705.0
80	122415.0
81	128787.0
82	133399.0
83	144649.0
84	158725.0
85	170095.0
86	182846.0
87	193787.0
88	211721.0
89	439802.0
90	1.7190605E7
>>END_MODULE
>>Sequence Duplication Levels	fail
#Total Duplicate Percentage	71.08463035019456
#Duplication Level	Relative count
1	100.0
2	34.32760070763609
3	19.694904440126447
4	13.601693686378006
5	10.21432093036745
6	8.179867173225835
7	6.668890113395783
8	5.775644557872451
9	4.78524404744642
10++	86.76662509788
>>END_MODULE
>>Overrepresented sequences	pass
>>END_MODULE
>>Kmer Content	pass
>>END_MODULE
