##FastQC	0.10.1
>>Basic Statistics	pass
#Measure	Value	
Filename	c2.2.fq	
File type	Conventional base calls	
Encoding	Sanger / Illumina 1.9	
Total Sequences	25931890	
Filtered Sequences	0	
Sequence length	100	
%GC	38	
>>END_MODULE
>>Per base sequence quality	pass
#Base	Mean	Median	Lower Quartile	Upper Quartile	10th Percentile	90th Percentile
1	30.68514562571413	31.0	31.0	34.0	27.0	34.0
2	30.58405206870768	31.0	31.0	34.0	26.0	34.0
3	30.719465106477006	31.0	31.0	34.0	26.0	34.0
4	34.20987043366296	37.0	35.0	37.0	30.0	37.0
5	34.168148831419536	37.0	35.0	37.0	28.0	37.0
6	34.34508402588473	37.0	35.0	37.0	30.0	37.0
7	34.573424150727156	37.0	35.0	37.0	30.0	37.0
8	34.35236174455468	37.0	35.0	37.0	30.0	37.0
9	35.736335299895224	38.0	35.0	39.0	30.0	39.0
10-14	36.011101435336954	38.2	35.2	39.4	30.0	39.4
15-19	36.7053216329392	39.0	36.0	41.0	30.0	41.0
20-24	36.48414346968154	39.0	35.2	40.4	29.4	41.0
25-29	36.51225522705827	39.0	35.0	40.6	29.6	41.0
30-34	36.25599799320451	38.6	35.0	40.0	28.8	41.0
35-39	36.153367995930886	38.0	34.8	40.0	28.8	41.0
40-44	35.781512747431826	38.0	34.0	40.0	27.2	41.0
45-49	35.510792734351405	38.0	33.4	40.0	27.0	41.0
50-54	34.76490813434732	37.2	32.8	39.6	26.0	40.4
55-59	35.0277019145153	37.2	33.0	40.0	26.0	41.0
60-64	34.5634846746612	36.4	32.6	39.6	26.0	41.0
65-69	33.68644385735094	35.4	31.6	39.0	25.2	40.4
70-74	32.76132902769525	35.0	31.0	37.8	23.8	40.0
75-79	31.703561861476356	34.2	30.0	36.4	21.4	39.0
80-84	30.68489557066608	34.0	29.2	35.4	19.4	37.6
85-89	29.624143238306193	33.8	29.0	35.0	15.4	36.4
90-94	28.468047720393695	33.0	27.6	35.0	4.0	35.6
95-99	27.08853495059558	32.8	25.8	35.0	2.0	35.0
100	26.061566935537673	32.0	24.0	34.0	2.0	35.0
>>END_MODULE
>>Per sequence quality scores	pass
#Quality	Count
11	5.0
12	938.0
13	5952.0
14	17747.0
15	36406.0
16	62072.0
17	93802.0
18	128961.0
19	165597.0
20	201749.0
21	239431.0
22	281300.0
23	330082.0
24	388131.0
25	452058.0
26	531382.0
27	622011.0
28	731365.0
29	857879.0
30	1010456.0
31	1188975.0
32	1413470.0
33	1695613.0
34	2068057.0
35	2570219.0
36	3196562.0
37	3676001.0
38	3133743.0
39	829076.0
40	2850.0
>>END_MODULE
>>Per base sequence content	fail
#Base	G	A	T	C
1	22.42724283825178	18.800269558318444	13.920963936720826	44.85152366670895
2	19.549663844781804	24.342161696065673	41.49407782656801	14.614096632584511
3	16.874418337742895	30.19403088222613	30.82438578085396	22.107164999177016
4	21.970001370989063	33.71319564438125	23.921865578668257	20.39493740596143
5	21.618062806781076	37.209509237056984	25.933159207505728	15.239268748656212
6	15.489509010289467	40.68641476135698	27.753089156434328	16.070987071919223
7	14.80807828774576	18.715805463798514	48.304191647710546	18.171924600745186
8	16.333492534696145	25.222358354652375	34.02731929346085	24.41682981719063
9	19.34567068436661	23.44118680472713	36.258070015277056	20.955072495629203
10-14	19.231995022994642	31.739870025373	29.547413832829765	19.480721118802595
15-19	19.39754982359444	30.180786342015185	30.784849232624538	19.636814601765835
20-24	19.236918058579093	30.99947598267288	30.72643127492275	19.037174683825278
25-29	19.118606557231015	30.724988793972784	30.897391585788924	19.259013063007277
30-34	19.1576369963195	30.69361524112097	30.854207556532415	19.294540206027115
35-39	19.201090051231738	30.699213818565667	30.893104703908598	19.206591426293997
40-44	19.177661535245953	30.719394988665293	30.89369554264586	19.209247933442892
45-49	19.2851737022244	30.61878152558507	30.916569063670984	19.17947570851954
50-54	19.256853692919428	30.775204499490904	30.74814110688929	19.219800700700382
55-59	19.31491995950466	30.64165361081824	30.745198798121535	19.298227631555566
60-64	19.286090173825972	30.612502009507363	30.808010764018174	19.29339705264849
65-69	19.220028219481613	30.78308579424422	30.809073829536338	19.18781215673783
70-74	19.314847621349287	30.72853631571533	30.69918358326308	19.2574324796723
75-79	19.370186368726223	30.68959055633024	30.674969678086317	19.265253396857222
80-84	19.349623266762293	30.745767168730076	30.611612570875295	19.292996993632336
85-89	19.39802917113022	30.758836330872896	30.554198873694183	19.288935624302702
90-94	19.392490502241046	30.699881707422534	30.596376859055795	19.31125093128063
95-99	19.39373518584155	30.83980745714601	30.610611002506538	19.15584635450591
100	19.49676211333041	30.407878891627487	30.477405828099595	19.61795316694251
>>END_MODULE
>>Per base GC content	fail
#Base	%GC
1	67.27876650496073
2	34.16376047736631
3	38.98158333691991
4	42.364938776950495
5	36.857331555437284
6	31.560496082208694
7	32.980002888490944
8	40.75032235188677
9	40.30074317999581
10-14	38.71271614179724
15-19	39.03436442536027
20-24	38.27409274240438
25-29	38.37761962023829
30-34	38.45217720234662
35-39	38.407681477525735
40-44	38.38690946868885
45-49	38.464649410743945
50-54	38.47665439361981
55-59	38.613147591060226
60-64	38.57948722647446
65-69	38.40784037621944
70-74	38.57228010102159
75-79	38.63543976558345
80-84	38.64262026039463
85-89	38.68696479543292
90-94	38.70374143352167
95-99	38.54958154034746
100	39.11471528027292
>>END_MODULE
>>Per sequence GC content	warn
#GC Content	Count
0	50.0
1	62.5
2	97.0
3	174.0
4	329.0
5	559.5
6	980.5
7	1656.0
8	2621.0
9	4109.5
10	6206.5
11	9080.0
12	13330.5
13	18458.0
14	24739.0
15	33262.0
16	43654.5
17	58229.0
18	77300.5
19	101314.5
20	131699.0
21	172168.5
22	222945.0
23	284792.0
24	360272.0
25	441579.5
26	533138.0
27	630461.0
28	719450.5
29	792920.0
30	864052.0
31	937022.0
32	984685.0
33	1002111.0
34	1018098.0
35	1043137.5
36	1066532.0
37	1061623.5
38	1009800.5
39	956723.0
40	913589.0
41	850952.0
42	788165.0
43	746937.0
44	702597.5
45	647295.0
46	602424.0
47	553693.0
48	504695.0
49	472841.5
50	448626.5
51	423558.0
52	395928.5
53	370788.0
54	337701.0
55	302697.5
56	276194.5
57	251900.0
58	231025.5
59	209820.5
60	179170.0
61	148530.0
62	129766.5
63	115370.5
64	104419.0
65	95303.0
66	79195.5
67	65031.5
68	61105.5
69	58709.5
70	46712.0
71	34405.5
72	29154.5
73	25914.0
74	23184.0
75	17506.5
76	14455.0
77	13910.0
78	11056.5
79	7258.0
80	4652.0
81	3157.5
82	1836.0
83	791.0
84	275.5
85	102.5
86	47.5
87	23.0
88	9.0
89	6.0
90	4.0
91	0.5
92	0.0
93	0.0
94	0.5
95	0.5
96	0.0
97	0.0
98	0.0
99	0.0
100	0.0
>>END_MODULE
>>Per base N content	pass
#Base	N-Count
1	0.013685851667579957
2	0.5568356182291379
3	0.007303748396279639
4	0.006574916058952895
5	0.00912004485596692
6	0.006135302903105018
7	0.005379476775506914
8	0.07409409803913251
9	0.015887773702572393
10-14	5.853796233132256E-4
15-19	0.0017391713446262497
20-24	0.015893172460626666
25-29	0.002913015595855142
30-34	5.344770473729451E-4
35-39	7.38087351134067E-4
40-44	0.001831721482699487
45-49	0.0025081087417847293
50-54	0.003550840297409869
55-59	8.344937449603557E-4
60-64	6.216284273919101E-4
65-69	0.0028004129278660366
70-74	0.0015540710684797752
75-79	0.0018479177568623034
80-84	0.0017900739205665302
85-89	0.0021864970119802297
90-94	0.003589402854940384
95-99	0.0043282614572250615
100	0.0035978866175970974
>>END_MODULE
>>Sequence Length Distribution	pass
#Length	Count
100	2.593189E7
>>END_MODULE
>>Sequence Duplication Levels	fail
#Total Duplicate Percentage	71.28228056524037
#Duplication Level	Relative count
1	100.0
2	37.04940119760479
3	22.16616766467066
4	15.160179640718562
5	11.380239520958083
6	8.690119760479043
7	7.205089820359281
8	6.07185628742515
9	5.140718562874252
10++	86.5374251497006
>>END_MODULE
>>Overrepresented sequences	pass
>>END_MODULE
>>Kmer Content	warn
#Sequence	Count	Obs/Exp Overall	Obs/Exp Max	Max Obs/Exp Position
AAAAA	16021990	2.4361053	5.8326902	2
TTTTT	16261110	2.3771708	5.204626	2
CGCCG	1387175	2.028719	5.963299	1
CGACG	2118165	1.9810438	8.174615	1
CGAGG	2088160	1.9809	5.578468	1
CGGCG	1268695	1.8819687	5.446485	1
CTTCT	4965875	1.8032111	5.1376076	1
CGCGG	1185815	1.7590255	6.1015234	1
TCGAG	2814315	1.6700777	5.108751	7
CTCGA	2833395	1.6577023	8.562873	1
CGCGA	1762525	1.6484262	6.2928867	1
CTTCC	2801300	1.603174	5.170321	1
CGAGA	2655900	1.5885085	5.477094	1
CTGGA	2625380	1.5579593	6.5829105	1
ATCGA	4121660	1.5421095	5.570676	6
CTTTT	6678895	1.5388104	6.2430625	1
CGATC	2628010	1.53754	5.3941455	4
CGCCA	1664315	1.5346354	5.837514	1
CTCCA	2642395	1.5241673	6.7051463	1
CAAAA	6374380	1.5155627	5.036763	1
CTTCG	2562515	1.4874829	6.534002	1
CGAAG	2472545	1.4788429	5.391077	1
CTCGT	2491265	1.4461237	7.316434	1
CCGGC	977635	1.4297742	5.2419724	1
CTCGC	1556435	1.4239241	6.5044136	1
CTCGG	1484620	1.3776398	8.278543	1
CTGGC	1476465	1.3700724	5.078366	1
CTTCA	3708945	1.3574224	5.340118	1
CGAAA	3508595	1.3230922	5.71303	1
GAATC	3397095	1.271015	5.375997	4
CTTGG	2107460	1.240822	6.0312715	1
AATCG	3275420	1.2254907	5.031002	5
CTTTG	3308815	1.2186748	5.1771026	1
CTTGA	3268690	1.2133968	5.3146996	1
>>END_MODULE
