##FastQC	0.10.1
>>Basic Statistics	pass
#Measure	Value	
Filename	t3.1.fq	
File type	Conventional base calls	
Encoding	Sanger / Illumina 1.9	
Total Sequences	21555891	
Filtered Sequences	0	
Sequence length	50-90	
%GC	37	
>>END_MODULE
>>Per base sequence quality	pass
#Base	Mean	Median	Lower Quartile	Upper Quartile	10th Percentile	90th Percentile
1	37.610076660714235	39.0	37.0	39.0	35.0	39.0
2	37.54056735581007	39.0	37.0	39.0	35.0	39.0
3	37.54341910524599	39.0	37.0	39.0	35.0	39.0
4	38.84940395180139	40.0	38.0	41.0	35.0	41.0
5	38.82279920602679	40.0	38.0	41.0	35.0	41.0
6	38.76768327507316	40.0	38.0	41.0	35.0	41.0
7	38.7389941802916	40.0	38.0	41.0	35.0	41.0
8	38.688643628788064	40.0	38.0	41.0	35.0	41.0
9	38.71113098502864	40.0	38.0	41.0	35.0	41.0
10-14	38.55263389483645	40.0	38.0	41.0	34.0	41.0
15-19	38.27496664368919	40.0	37.8	41.0	34.0	41.0
20-24	38.330708918504	40.0	38.0	41.0	34.0	41.0
25-29	38.06251673846374	39.8	37.2	41.0	33.2	41.0
30-34	37.640396966193606	39.0	36.6	40.4	32.6	41.0
35-39	37.38245803896485	39.0	36.0	40.0	32.0	41.0
40-44	37.1127795366937	38.6	35.4	40.0	31.4	41.0
45-49	36.4867273080941	38.0	34.6	40.0	30.6	41.0
50-54	35.890384250325035	37.2	34.0	40.0	29.4	41.0
55-59	35.19302672133691	36.2	33.4	39.0	28.6	40.4
60-64	34.484742796159274	35.0	32.6	38.2	28.2	40.0
65-69	33.611593496946014	34.6	31.6	36.4	27.6	39.0
70-74	33.38362229473445	34.4	32.0	36.0	27.8	38.2
75-79	32.81852179679218	34.0	31.2	35.0	27.0	36.6
80-84	32.376941836737835	34.0	31.0	35.0	26.8	36.0
85-89	32.10675240758647	34.0	31.0	35.0	26.0	35.0
90	32.28255368398375	34.0	31.0	35.0	27.0	35.0
>>END_MODULE
>>Per sequence quality scores	pass
#Quality	Count
24	3.0
25	130.0
26	1473.0
27	10924.0
28	49972.0
29	159931.0
30	385611.0
31	751334.0
32	1238705.0
33	1800278.0
34	2367931.0
35	2898995.0
36	3389055.0
37	3700648.0
38	3306083.0
39	1431898.0
40	62920.0
>>END_MODULE
>>Per base sequence content	warn
#Base	G	A	T	C
1	21.09803301566147	32.56052371020061	24.246601543865665	22.09484173027225
2	19.36410793689762	27.291101073019902	32.06029850494234	21.28449248514014
3	17.89801219536692	30.211810775996224	33.70122348456856	18.1889535440683
4	17.79835498333147	30.64104842615877	33.187187669486725	18.373408921023028
5	18.792408070721827	30.53672891554332	31.758928452551554	18.911934561183298
6	19.3826040408165	30.124739450575248	31.01843946047046	19.474217048137792
7	18.965734239424386	30.742913851253007	31.118889959129962	19.17246195019264
8	18.86762648781254	30.719565245528475	31.06171765296085	19.35109061369813
9	19.118425677695253	30.373474239594177	30.860872324878613	19.647227757831953
10-14	18.86637445436117	31.3529443599885	30.991100627681178	18.789580557969153
15-19	18.780779694979902	31.023882056185943	31.260654454042285	18.934683794791873
20-24	18.73653540877658	31.02295353128121	31.2622635273954	18.978247532546813
25-29	18.857455718253537	30.98310155678557	31.207245388279244	18.952197336681653
30-34	18.802598324513703	31.02076272328525	31.201227543783737	18.975411408417308
35-39	18.90845245042295	30.911149068252385	31.260565383263444	18.91983309806122
40-44	18.95748034725171	31.057858847031657	30.96200477168863	19.022656034028007
45-49	19.09137042862204	30.889881564162668	30.947681077066125	19.071066930149165
50-54	19.117690136420087	30.829480202020388	30.991134635021194	19.06169502653833
55-59	19.013604333297565	30.993705715914814	31.01599038810744	18.97669956268018
60-64	19.063404987640123	30.994723356642005	30.976239371149543	18.965632284568322
65-69	18.905867142813424	30.99585888784989	31.151964699581104	18.94630926975558
70-74	18.865212068862323	31.07758156201192	31.113922948531858	18.9432834205939
75-79	18.802783736628196	31.168808663484793	31.187373008085395	18.841034591801613
80-84	18.587621032098063	31.19822384364949	31.416034741411398	18.798120382841045
85-89	18.225792319721442	31.497696579145256	31.659295728499686	18.617215372633613
90	18.382360275023977	31.24435532092198	31.459083775390773	18.914200628663274
>>END_MODULE
>>Per base GC content	warn
#Base	%GC
1	43.19287474593372
2	40.64860042203776
3	36.086965739435215
4	36.1717639043545
5	37.70434263190513
6	38.85682108895429
7	38.13819618961703
8	38.21871710151068
9	38.765653435527206
10-14	37.655955012330324
15-19	37.71546348977178
20-24	37.714782941323385
25-29	37.8096530549352
30-34	37.77800973293101
35-39	37.82828554848417
40-44	37.98013638127971
45-49	38.16243735877121
50-54	38.17938516295842
55-59	37.990303895977746
60-64	38.02903727220844
65-69	37.85217641256901
70-74	37.80849548945623
75-79	37.64381832842981
80-84	37.38574141493911
85-89	36.84300769235506
90	37.29656090368725
>>END_MODULE
>>Per sequence GC content	warn
#GC Content	Count
0	204.0
1	208.5
2	284.5
3	557.5
4	969.0
5	1711.0
6	3067.0
7	4301.0
8	6120.0
9	9321.0
10	11668.5
11	14544.0
12	19878.0
13	26126.5
14	34706.5
15	46659.5
16	60632.0
17	80572.5
18	107080.5
19	140286.0
20	163504.0
21	192923.5
22	247092.0
23	317548.0
24	407058.0
25	497080.0
26	584802.5
27	684815.0
28	767388.5
29	826746.0
30	866801.0
31	914354.5
32	971476.0
33	993843.5
34	1022311.5
35	1040367.5
36	1028861.5
37	1008099.0
38	963519.0
39	913970.0
40	894515.0
41	856426.0
42	783601.5
43	715050.5
44	662952.5
45	616822.5
46	556631.5
47	506189.0
48	468183.5
49	438687.5
50	424895.0
51	402905.5
52	372155.5
53	341053.0
54	305410.0
55	269131.5
56	235076.0
57	205566.0
58	175904.0
59	153564.5
60	140879.0
61	124584.0
62	107524.0
63	92965.5
64	79052.5
65	70089.5
66	59886.5
67	51612.5
68	43610.5
69	35661.5
70	33028.0
71	30374.5
72	26561.0
73	23369.0
74	21558.5
75	22976.0
76	22997.0
77	18696.5
78	12943.5
79	7563.5
80	4266.0
81	2209.0
82	856.5
83	411.0
84	205.0
85	119.5
86	75.0
87	38.5
88	26.0
89	25.5
90	17.5
91	11.0
92	9.0
93	7.5
94	5.5
95	2.5
96	0.0
97	0.0
98	0.0
99	0.5
100	1.0
>>END_MODULE
>>Per base N content	pass
#Base	N-Count
1	0.0
2	0.0
3	0.0
4	0.0
5	0.0
6	0.0
7	0.0
8	0.0
9	0.0
10-14	5.1957954324411824E-5
15-19	0.0
20-24	3.711282451743702E-6
25-29	0.0
30-34	0.0
35-39	0.0
40-44	0.0
45-49	0.0
50-54	3.8272878661056385E-5
55-59	2.85140385019169E-6
60-64	0.0
65-69	3.4924104333426765E-5
70-74	0.0
75-79	0.0
80-84	1.0991501711613134E-6
85-89	0.0
90	0.0
>>END_MODULE
>>Sequence Length Distribution	warn
#Length	Count
50	57090.0
51	72377.0
52	68347.0
53	71803.0
54	72436.0
55	82508.0
56	86621.0
57	89878.0
58	88206.0
59	89834.0
60	93235.0
61	98665.0
62	101482.0
63	112170.0
64	112639.0
65	111436.0
66	104746.0
67	104307.0
68	107088.0
69	107394.0
70	104424.0
71	105805.0
72	106192.0
73	112457.0
74	117557.0
75	121126.0
76	123211.0
77	128834.0
78	135758.0
79	144737.0
80	149467.0
81	162628.0
82	177519.0
83	197471.0
84	212739.0
85	238412.0
86	253030.0
87	271069.0
88	275941.0
89	543596.0
90	1.6041656E7
>>END_MODULE
>>Sequence Duplication Levels	fail
#Total Duplicate Percentage	70.41652103239609
#Duplication Level	Relative count
1	100.0
2	33.72478683577458
3	19.43459879574668
4	13.404791390869882
5	9.766409019088696
6	7.840457787077764
7	6.4141435709100225
8	5.407752202815618
9	4.745839916869511
10++	83.9546768017537
>>END_MODULE
>>Overrepresented sequences	pass
>>END_MODULE
>>Kmer Content	pass
>>END_MODULE
