##FastQC	0.10.1
>>Basic Statistics	pass
#Measure	Value	
Filename	c5.2.fq	
File type	Conventional base calls	
Encoding	Sanger / Illumina 1.9	
Total Sequences	21314753	
Filtered Sequences	0	
Sequence length	50-90	
%GC	37	
>>END_MODULE
>>Per base sequence quality	pass
#Base	Mean	Median	Lower Quartile	Upper Quartile	10th Percentile	90th Percentile
1	37.01740212518531	39.0	37.0	39.0	33.0	39.0
2	36.98949567935411	39.0	37.0	39.0	33.0	39.0
3	36.968208357844915	39.0	37.0	39.0	33.0	39.0
4	38.1182859121098	40.0	38.0	41.0	33.0	41.0
5	38.11563357079484	40.0	37.0	41.0	33.0	41.0
6	38.106894553270216	40.0	37.0	41.0	33.0	41.0
7	38.0644586873702	40.0	37.0	41.0	33.0	41.0
8	38.08137926815291	40.0	37.0	41.0	33.0	41.0
9	38.09942428138858	40.0	37.0	41.0	33.0	41.0
10-14	37.926311423829304	39.6	37.0	41.0	33.0	41.0
15-19	38.014171517727654	40.0	37.0	41.0	33.0	41.0
20-24	37.798313065133804	39.0	37.0	41.0	33.0	41.0
25-29	37.67000328833273	39.0	37.0	41.0	32.6	41.0
30-34	37.4044743657128	39.0	36.0	40.0	31.6	41.0
35-39	37.11841266000126	38.8	35.4	40.0	31.0	41.0
40-44	36.41949920789605	37.8	34.6	39.6	30.6	40.6
45-49	36.68320129255075	38.0	35.0	40.0	31.0	41.0
50-54	36.2083009031615	37.6	34.2	40.0	30.2	41.0
55-59	35.609981533562106	36.4	34.0	39.2	29.6	41.0
60-64	34.96355411501023	35.4	33.2	38.6	29.0	40.0
65-69	34.28376570086254	35.0	33.0	37.2	29.0	39.4
70-74	33.63815560664632	35.0	32.0	36.0	28.8	38.4
75-79	33.05629299557546	34.0	32.0	35.2	27.6	36.8
80-84	32.6384001632379	34.0	31.2	35.0	27.0	36.0
85-89	32.55005475874762	34.0	31.0	35.0	27.0	35.2
90	32.70239898129451	34.0	31.0	35.0	29.0	35.0
>>END_MODULE
>>Per sequence quality scores	pass
#Quality	Count
23	1.0
24	22.0
25	476.0
26	4170.0
27	24078.0
28	90395.0
29	247936.0
30	523406.0
31	898256.0
32	1317852.0
33	1744716.0
34	2160904.0
35	2620325.0
36	3145894.0
37	3567647.0
38	3335586.0
39	1559109.0
40	73980.0
>>END_MODULE
>>Per base sequence content	warn
#Base	G	A	T	C
1	21.146850728225658	32.21381453493738	24.278062241678334	22.361272495158634
2	19.449096030521265	27.071131570009882	32.08328444300423	21.396487956464625
3	18.00476665220094	29.933318476641762	33.69522982910895	18.366685042048346
4	17.84865577580368	30.468622007635275	33.25068633229912	18.43203588426192
5	18.742530988889563	30.349294497478173	31.846507505417847	19.06166700821441
6	19.303252129060517	30.03077737538954	30.99487334622804	19.671097149321902
7	18.83813471267282	30.698657731880697	31.213873890011246	19.249333665435234
8	18.809530657005503	30.703874447900002	31.13490454240779	19.351690352686703
9	19.141424640616258	30.32631720633284	30.834265903458125	19.697992249592783
10-14	18.844296862400327	31.259279622143556	31.053017207750123	18.843406307705997
15-19	18.733352132216325	30.993858260050406	31.23158950235643	19.041200105376834
20-24	18.766698294214258	30.96158848106701	31.229775509468748	19.041937715249983
25-29	18.802307402143757	30.97758905956044	31.21691450593907	19.003189032356733
30-34	18.788963369981072	31.00100583019321	31.196836591557265	19.013194208268448
35-39	18.884219339392665	30.91688729022871	31.224739074432705	18.97415429594592
40-44	18.862634114149373	31.04747361011007	31.07305591316159	19.016836362578964
45-49	18.991309038761827	30.90957364795551	30.99602461064695	19.103092702635713
50-54	19.021957507547018	30.86381249080295	31.062034322127218	19.052195679522814
55-59	18.90781730778135	31.038243370332214	31.10595414843214	18.9479851734543
60-64	18.93978153388854	31.037218907161883	31.055164834463888	18.967834724485687
65-69	18.881172636678002	31.07492448042752	31.13105512554086	18.912847757353617
70-74	18.78986664294745	31.184700089582396	31.13628849342745	18.889144774042705
75-79	18.733208494289887	31.238505368517426	31.213488630050833	18.814797507141854
80-84	18.60327053441963	31.278707782596754	31.347903715278473	18.770117967705147
85-89	18.322833212194066	31.555197770489585	31.537013968416122	18.584955048900223
90	18.604610515693174	31.23220616851648	31.129984876898376	19.033198438891972
>>END_MODULE
>>Per base GC content	warn
#Base	%GC
1	43.508123223384295
2	40.845583986985886
3	36.37145169424929
4	36.28069166006561
5	37.80419799710398
6	38.97434927838242
7	38.08746837810805
8	38.161221009692206
9	38.83941689020904
10-14	37.687703170106325
15-19	37.77455223759316
20-24	37.808636009464244
25-29	37.80549643450049
30-34	37.80215757824952
35-39	37.85837363533858
40-44	37.879470476728336
45-49	38.09440174139754
50-54	38.07415318706983
55-59	37.85580248123564
60-64	37.907616258374226
65-69	37.79402039403162
70-74	37.67901141699016
75-79	37.54800600143174
80-84	37.373388502124776
85-89	36.907788261094296
90	37.63780895458515
>>END_MODULE
>>Per sequence GC content	warn
#GC Content	Count
0	171.0
1	197.0
2	286.5
3	507.0
4	927.0
5	1631.5
6	2677.0
7	4179.5
8	6592.0
9	10263.5
10	12943.0
11	16151.5
12	22444.0
13	29736.0
14	39658.0
15	53950.5
16	70296.5
17	93645.0
18	125008.0
19	163253.0
20	188284.0
21	218113.5
22	274740.5
23	347407.0
24	434145.5
25	518977.0
26	603283.5
27	694771.0
28	767430.5
29	818115.0
30	849644.5
31	884938.5
32	930960.5
33	946406.0
34	961687.5
35	966182.5
36	949812.5
37	923761.5
38	879507.5
39	835240.0
40	814094.5
41	779314.0
42	715393.0
43	660817.5
44	618648.5
45	585180.5
46	545174.0
47	505372.5
48	467203.0
49	435176.0
50	422316.5
51	401626.0
52	372772.0
53	342259.0
54	305188.0
55	271261.0
56	243021.0
57	218449.0
58	191466.5
59	169788.5
60	159443.5
61	146349.0
62	128843.5
63	112696.0
64	95627.0
65	80660.0
66	66950.0
67	57464.0
68	48153.5
69	39291.5
70	36037.5
71	33078.5
72	28504.5
73	23537.5
74	19722.5
75	17270.5
76	14826.0
77	12271.5
78	9131.5
79	5848.5
80	3655.0
81	1972.0
82	760.5
83	351.5
84	186.0
85	110.0
86	64.5
87	45.0
88	30.5
89	21.5
90	20.0
91	16.0
92	8.5
93	5.0
94	5.0
95	2.0
96	0.0
97	0.0
98	0.0
99	0.0
100	0.0
>>END_MODULE
>>Per base N content	pass
#Base	N-Count
1	0.0
2	1.876634460647984E-4
3	1.4074758454859879E-5
4	2.34579307580998E-5
5	7.975696457753933E-5
6	3.284110306133972E-4
7	4.69158615161996E-5
8	0.0
9	9.38317230323992E-6
10-14	0.01029052506496322
15-19	5.348408212846755E-5
20-24	4.69158615161996E-6
25-29	5.442239935879154E-5
30-34	1.0321489533563913E-4
35-39	7.225042673494738E-5
40-44	8.632518518980727E-5
45-49	4.973081320717158E-5
50-54	5.189075181510076E-5
55-59	3.3359674055278475E-4
60-64	8.582827430111767E-5
65-69	1.49185738273076E-5
70-74	2.2363826583691585E-5
75-79	4.170151262437189E-6
80-84	9.67730072986202E-6
85-89	0.0
90	0.0
>>END_MODULE
>>Sequence Length Distribution	warn
#Length	Count
50	49941.0
51	61185.0
52	65977.0
53	66580.0
54	68584.0
55	70360.0
56	67321.0
57	70341.0
58	70779.0
59	71069.0
60	72865.0
61	71740.0
62	73337.0
63	79411.0
64	82468.0
65	79719.0
66	82892.0
67	82883.0
68	84853.0
69	87912.0
70	89518.0
71	88166.0
72	89212.0
73	98539.0
74	99026.0
75	98511.0
76	102476.0
77	109071.0
78	110979.0
79	114000.0
80	121017.0
81	127350.0
82	132601.0
83	142730.0
84	157303.0
85	168739.0
86	180052.0
87	191564.0
88	209163.0
89	431973.0
90	1.6992546E7
>>END_MODULE
>>Sequence Duplication Levels	fail
#Total Duplicate Percentage	68.25985916417571
#Duplication Level	Relative count
1	100.0
2	34.6795543544206
3	20.091280127957642
4	13.594120566984722
5	9.989796481164856
6	7.955986983619216
7	6.344106778445756
8	5.227235122166455
9	4.583310352435056
10++	73.30538856102807
>>END_MODULE
>>Overrepresented sequences	pass
>>END_MODULE
>>Kmer Content	pass
>>END_MODULE
