##FastQC	0.10.1
>>Basic Statistics	pass
#Measure	Value	
Filename	t6.1.fq	
File type	Conventional base calls	
Encoding	Sanger / Illumina 1.9	
Total Sequences	32476047	
Filtered Sequences	0	
Sequence length	100	
%GC	38	
>>END_MODULE
>>Per base sequence quality	pass
#Base	Mean	Median	Lower Quartile	Upper Quartile	10th Percentile	90th Percentile
1	31.643034233815463	31.0	31.0	34.0	30.0	34.0
2	31.809815615798314	31.0	31.0	34.0	30.0	34.0
3	31.88444606574193	31.0	31.0	34.0	30.0	34.0
4	35.50039569163082	37.0	35.0	37.0	33.0	37.0
5	35.50138555964031	37.0	35.0	37.0	33.0	37.0
6	35.51997584558244	37.0	35.0	37.0	33.0	37.0
7	35.569883089527494	37.0	35.0	37.0	33.0	37.0
8	35.491761327971965	37.0	35.0	37.0	33.0	37.0
9	37.06242055875828	39.0	37.0	39.0	33.0	39.0
10-14	37.20071034507371	39.2	37.0	39.4	33.0	39.4
15-19	37.97271089674184	40.0	37.0	41.0	33.0	41.0
20-24	37.720379632410314	39.2	37.0	41.0	32.0	41.0
25-29	37.25017014539977	39.0	36.0	40.4	31.4	41.0
30-34	37.234985169223336	39.0	36.0	40.2	31.0	41.0
35-39	36.7837125251112	39.0	35.6	40.0	30.0	41.0
40-44	36.17110355210411	38.0	34.6	40.0	29.0	41.0
45-49	35.77089195615464	38.0	34.0	40.0	28.0	41.0
50-54	35.40901925040323	38.0	33.4	40.0	27.0	41.0
55-59	34.76909363384035	37.0	33.0	40.0	26.0	41.0
60-64	34.2051005591906	36.0	32.0	39.0	26.0	40.8
65-69	33.1825483440149	35.0	31.0	38.4	24.2	40.0
70-74	32.10614241320688	34.4	30.0	37.4	22.2	39.8
75-79	30.746010516612444	33.8	28.8	36.0	19.8	39.0
80-84	30.059008554828118	33.8	29.0	35.2	17.4	37.4
85-89	28.994873766502433	33.0	27.8	35.0	9.8	36.2
90-94	27.710222737391653	32.4	26.0	34.8	2.0	35.4
95-99	25.81090744202951	31.6	23.4	34.0	2.0	35.0
100	24.52178619522259	31.0	18.0	34.0	2.0	35.0
>>END_MODULE
>>Per sequence quality scores	pass
#Quality	Count
12	4.0
13	44.0
14	564.0
15	4442.0
16	19091.0
17	51704.0
18	101348.0
19	160562.0
20	219296.0
21	270185.0
22	318842.0
23	375653.0
24	450614.0
25	543076.0
26	660614.0
27	798637.0
28	962831.0
29	1145528.0
30	1353245.0
31	1588305.0
32	1872384.0
33	2221920.0
34	2678198.0
35	3285154.0
36	4025930.0
37	4562313.0
38	3815805.0
39	986517.0
40	3241.0
>>END_MODULE
>>Per base sequence content	fail
#Base	G	A	T	C
1	21.600357128084312	19.209737690789577	14.440590758202031	44.74931442292408
2	19.319577362103807	24.397654718649655	41.77838401132309	14.504383907923446
3	17.167615678010844	30.585689428907937	30.753510152367024	21.493184740714195
4	21.9647734640279	34.03381479911881	24.193845105700735	19.80756663115255
5	21.2625569854607	37.534608199082854	26.023896935486025	15.178937879970428
6	15.314074400742184	40.95697669115948	27.792003133878946	15.93694577421938
7	14.641036823231596	18.785913199349665	48.55397579637694	18.0190741810418
8	16.056883400864645	25.307846118094364	34.420473033556085	24.214797447484912
9	18.827814850742147	23.569195475052737	36.75835301014313	20.844636664061976
10-14	19.034729195951712	31.812448725671572	29.702259021856943	19.45056305651978
15-19	19.325289189290803	30.252166465949504	30.798535302033525	19.62400904272617
20-24	19.132313089773724	31.08312412002732	30.745752980100647	19.038809810098307
25-29	19.104277158845786	30.722686024169967	30.93897265384346	19.234064163140786
30-34	19.107231672205057	30.692957949723276	30.887841611286575	19.311968766785093
35-39	19.213687119065483	30.675450666191274	30.871742767342532	19.239119447400714
40-44	19.21589018988091	30.68239311710526	30.85498587002144	19.246730822992387
45-49	19.388736164635283	30.556407688252012	30.842650168329367	19.21220597878333
50-54	19.39290960745875	30.694889256040852	30.64867919823296	19.263521938267438
55-59	19.47970453423719	30.553874367776352	30.629509804564574	19.33691129342189
60-64	19.428889261594975	30.52765956430018	30.688983656739616	19.35446751736523
65-69	19.422888142484265	30.641278546999224	30.645136160133614	19.2906971503829
70-74	19.519870872953664	30.60344709196564	30.545111789899256	19.331570245181442
75-79	19.49470343935881	30.576553164375547	30.5852624006296	19.343480995636046
80-84	19.47979291881686	30.64028916188978	30.4663005641064	19.41361735518696
85-89	19.541639603633378	30.64303934842488	30.411852254966202	19.403468792975538
90-94	19.53882460998558	30.595060448254706	30.426758272882164	19.43935666887755
95-99	19.53866987215115	30.731321456216016	30.386027764621055	19.34398090701178
100	19.66905947635807	30.32872504464598	30.22772137261656	19.774494106379386
>>END_MODULE
>>Per base GC content	fail
#Base	%GC
1	66.3496715510084
2	33.823961270027254
3	38.66080041872504
4	41.77234009518045
5	36.44149486543113
6	31.251020174961564
7	32.660111004273396
8	40.271680848349554
9	39.67245151480412
10-14	38.485292252471496
15-19	38.94929823201697
20-24	38.17112289987203
25-29	38.338341321986576
30-34	38.419200438990146
35-39	38.452806566466194
40-44	38.46262101287329
45-49	38.600942143418614
50-54	38.656431545726186
55-59	38.81661582765907
60-64	38.783356778960204
65-69	38.71358529286717
70-74	38.85144111813511
75-79	38.83818443499486
80-84	38.89341027400382
85-89	38.945108396608916
90-94	38.978181278863126
95-99	38.88265077916293
100	39.44355358273746
>>END_MODULE
>>Per sequence GC content	warn
#GC Content	Count
0	78.0
1	94.5
2	147.0
3	252.5
4	423.5
5	714.0
6	1576.5
7	2479.0
8	3381.0
9	5401.5
10	8174.5
11	11409.5
12	16408.0
13	22878.0
14	30358.5
15	39942.5
16	52133.5
17	69192.0
18	91709.5
19	120833.5
20	157058.0
21	205093.5
22	266802.5
23	342021.5
24	434193.5
25	536448.5
26	653783.0
27	780576.0
28	896983.5
29	989385.5
30	1082042.5
31	1181604.5
32	1242399.5
33	1262203.0
34	1286194.0
35	1321485.0
36	1349233.0
37	1341932.5
38	1270902.5
39	1191265.0
40	1128365.0
41	1048207.5
42	973276.5
43	924750.5
44	867880.0
45	799663.0
46	745485.5
47	689679.5
48	641381.0
49	611145.0
50	582362.5
51	556682.0
52	532567.0
53	502283.5
54	456518.5
55	409599.0
56	370118.0
57	328921.5
58	291252.0
59	257089.5
60	214283.0
61	173275.5
62	146295.5
63	125106.0
64	112995.0
65	104421.0
66	86479.5
67	72089.0
68	70695.0
69	68885.5
70	55096.0
71	42373.0
72	37217.5
73	34321.0
74	31862.5
75	23967.0
76	21020.0
77	22664.5
78	18208.5
79	10921.5
80	6883.0
81	5033.0
82	3162.5
83	1445.5
84	533.0
85	200.5
86	84.5
87	50.5
88	32.5
89	13.5
90	8.0
91	10.5
92	8.5
93	3.0
94	0.0
95	0.5
96	1.0
97	1.0
98	5.5
99	7.0
100	3.5
>>END_MODULE
>>Per base N content	pass
#Base	N-Count
1	0.025076943631717245
2	3.510279437642149E-4
3	9.853415965311294E-4
4	0.007922762274608114
5	0.0
6	0.0
7	0.0
8	0.0
9	0.0
10-14	0.0
15-19	0.0
20-24	5.567180020400881E-4
25-29	2.1000092776069697E-4
30-34	1.7305061789077962E-4
35-39	1.804406798647631E-4
40-44	1.847515493495868E-4
45-49	4.557204883956474E-5
50-54	6.15838497831956E-7
55-59	0.0
60-64	1.6812390990812397E-4
65-69	2.032267042845455E-5
70-74	6.15838497831956E-7
75-79	5.536388095509284E-4
80-84	3.325527888292562E-5
85-89	3.879782536341322E-5
90-94	1.7120310239728375E-4
95-99	1.2624689205555098E-4
100	0.0
>>END_MODULE
>>Sequence Length Distribution	pass
#Length	Count
100	3.2476047E7
>>END_MODULE
>>Sequence Duplication Levels	fail
#Total Duplicate Percentage	77.0419407620129
#Duplication Level	Relative count
1	100.0
2	41.35849605468892
3	25.493618413875858
4	18.179338933129703
5	13.444965637613178
6	10.943238427693538
7	8.865132177011745
8	7.696083778771681
9	6.572488273153703
10++	131.06977928075344
>>END_MODULE
>>Overrepresented sequences	pass
>>END_MODULE
>>Kmer Content	warn
#Sequence	Count	Obs/Exp Overall	Obs/Exp Max	Max Obs/Exp Position
AAAAA	20129550	2.4544766	5.829929	2
TTTTT	20694950	2.432861	5.0404696	2
CGCCG	1710555	1.9790486	5.156986	1
CGAGG	2542995	1.9117287	5.0705204	1
CGACG	2573680	1.9088774	7.5870476	1
CTTCT	6282705	1.8236452	5.1339817	1
CGGCG	1512095	1.7731924	5.292326	1
CGCGG	1430185	1.677139	5.617783	1
TCGAG	3487435	1.6461115	5.0466948	7
CTCGA	3491715	1.6260525	8.2340765	1
CGAGA	3377945	1.6061277	5.5542073	1
CTGGA	3391480	1.6008196	7.1045613	1
CTTTT	8552040	1.579767	6.6232214	1
CGCGA	2106250	1.5621885	5.793565	1
CAAAA	8107825	1.5421451	5.0536942	1
CTCCA	3353000	1.5405366	6.3403525	1
ATCGA	4929540	1.4716556	5.4275036	6
CTTCG	3167415	1.4642874	6.0635457	1
CTCGT	3167265	1.4642181	7.4915285	1
CGAAG	3070445	1.4599192	5.3487325	1
CGATC	3131190	1.45816	5.0150466	4
CGCCA	1987235	1.4541706	5.085608	1
CCGGC	1253480	1.4502301	5.3142014	1
CTGGC	1940970	1.4291174	5.2344975	1
CTTCA	4822335	1.4100206	5.414811	1
CTCGG	1845040	1.3584852	7.6498756	1
CTCGC	1855120	1.3476087	6.1514854	1
CGAAA	4303030	1.2940425	5.5307465	1
GAATC	4225635	1.2615132	5.4351225	4
CTTGG	2671940	1.2520032	5.7906165	1
CTTTG	4239145	1.2471803	5.230816	1
CTTGA	4165595	1.2345322	5.5695906	1
>>END_MODULE
