##FastQC	0.10.1
>>Basic Statistics	pass
#Measure	Value	
Filename	t3.1.fq	
File type	Conventional base calls	
Encoding	Sanger / Illumina 1.9	
Total Sequences	26996765	
Filtered Sequences	0	
Sequence length	100	
%GC	38	
>>END_MODULE
>>Per base sequence quality	pass
#Base	Mean	Median	Lower Quartile	Upper Quartile	10th Percentile	90th Percentile
1	31.617080713189154	31.0	31.0	34.0	30.0	34.0
2	31.78074758216401	31.0	31.0	34.0	30.0	34.0
3	31.85592192249701	31.0	31.0	34.0	30.0	34.0
4	35.4789322350289	37.0	35.0	37.0	33.0	37.0
5	35.483540120455174	37.0	35.0	37.0	33.0	37.0
6	35.5039276372558	37.0	35.0	37.0	33.0	37.0
7	35.55298018114392	37.0	35.0	37.0	33.0	37.0
8	35.47538203188419	37.0	35.0	37.0	33.0	37.0
9	37.03771177768892	39.0	37.0	39.0	33.0	39.0
10-14	37.17647601851555	39.2	37.0	39.4	33.0	39.4
15-19	37.9471257019128	40.0	37.0	41.0	33.0	41.0
20-24	37.69829468086269	39.2	36.8	41.0	32.0	41.0
25-29	37.23075528493877	39.0	36.0	40.2	31.2	41.0
30-34	37.216840010275305	39.0	36.0	40.0	31.0	41.0
35-39	36.77051740828948	38.8	35.4	40.0	30.0	41.0
40-44	36.16354614339903	38.0	34.6	40.0	29.0	41.0
45-49	35.77275792858885	38.0	34.0	40.0	28.0	41.0
50-54	35.420513865272376	38.0	33.4	40.0	27.0	41.0
55-59	34.782281336300855	37.0	33.0	40.0	26.0	41.0
60-64	34.22015697065926	36.0	32.0	39.2	26.0	40.8
65-69	33.19518122263908	35.0	31.0	38.6	24.2	40.0
70-74	32.11552332288702	34.4	30.0	37.4	22.2	39.6
75-79	30.753680783605	33.8	28.8	36.0	19.8	39.0
80-84	30.067906099119654	33.8	29.0	35.2	17.4	37.4
85-89	28.999768979727758	33.0	27.8	35.0	9.8	36.2
90-94	27.715336952408926	32.4	26.0	34.8	2.0	35.4
95-99	25.82237624396849	31.6	23.4	34.0	2.0	35.0
100	24.527926253386287	31.0	18.0	34.0	2.0	35.0
>>END_MODULE
>>Per sequence quality scores	pass
#Quality	Count
12	4.0
13	40.0
14	478.0
15	3815.0
16	15854.0
17	42513.0
18	84268.0
19	134546.0
20	181580.0
21	223709.0
22	263680.0
23	311260.0
24	372261.0
25	452261.0
26	548294.0
27	663489.0
28	799556.0
29	953661.0
30	1131045.0
31	1328530.0
32	1559006.0
33	1846728.0
34	2225752.0
35	2727822.0
36	3352544.0
37	3818395.0
38	3158619.0
39	794386.0
40	2669.0
>>END_MODULE
>>Per base sequence content	fail
#Base	G	A	T	C
1	23.02419229942146	19.49353162251192	15.685131824008202	41.797144254058416
2	19.989182364320147	25.12965586813212	40.32021446210914	14.560947305438596
3	17.51812115137482	31.010904343086665	30.311428251916144	21.15954625362237
4	21.92096572056654	34.76028816238008	24.03894535956229	19.27980075749109
5	21.074184258743596	38.03587207578389	25.707939451263883	15.182004214208627
6	15.201180585896127	41.252438949629706	27.762822693756085	15.783557770718085
7	14.475245459965297	18.822799694704162	48.80829240095989	17.89366244437065
8	16.320881409309596	25.42676502166093	33.84569966068157	24.40665390834791
9	19.035595561171867	23.84380498922741	36.201874557933145	20.918724891667576
10-14	18.946778993705358	32.09100794113665	29.723705043919153	19.23850802123884
15-19	19.1899562780948	30.362556402591203	30.956031213369457	19.491456105944547
20-24	19.048118792860098	31.200382015337595	30.783014094020185	18.96848509778212
25-29	19.009046798732488	30.84306369808072	31.042746549803635	19.105142953383154
30-34	18.967297304209048	30.82608946632722	31.044921956896516	19.16169127256722
35-39	19.129838909916792	30.767672346339193	30.963585029186213	19.138903714557806
40-44	19.11016982144623	30.793292153960127	30.945976629353318	19.15056139524032
45-49	19.241467781771572	30.670462372321317	30.990994976788766	19.09707486911834
50-54	19.305780811971818	30.80269403838118	30.694340313653733	19.197184835993273
55-59	19.39853030093443	30.644346688533584	30.716319756951027	19.240803253580964
60-64	19.34863948535255	30.612665069973804	30.789983662384323	19.248711782289327
65-69	19.330124296111766	30.746975333067404	30.72607208207848	19.19682828874235
70-74	19.456687495705506	30.699843481246734	30.617136534692214	19.22633248835555
75-79	19.385842783924375	30.672265234522854	30.686472939884947	19.255419041667825
80-84	19.432565567955827	30.69760711680216	30.548839604215534	19.320987711026476
85-89	19.48288192926798	30.736918961293984	30.467459132879227	19.31273997655881
90-94	19.460786824198035	30.664841427257837	30.51616333368451	19.35820841485961
95-99	19.43761390454766	30.825615039737116	30.452182366757402	19.284588688957825
100	19.56403294987381	30.47962968896459	30.372250156639137	19.58408720452247
>>END_MODULE
>>Per base GC content	fail
#Base	%GC
1	64.82133655347988
2	34.55012966975874
3	38.67766740499719
4	41.20076647805762
5	36.256188472952225
6	30.984738356614212
7	32.36890790433595
8	40.727535317657505
9	39.95432045283944
10-14	38.185287014944194
15-19	38.68141238403935
20-24	38.01660389064222
25-29	38.11418975211565
30-34	38.128988576776266
35-39	38.2687426244746
40-44	38.26073121668656
45-49	38.33854265088992
50-54	38.502965647965084
55-59	38.639333554515396
60-64	38.597351267641876
65-69	38.526952584854115
70-74	38.68301998406105
75-79	38.641261825592196
80-84	38.7535532789823
85-89	38.795621905826785
90-94	38.81899523905765
95-99	38.722202593505486
100	39.148120154396274
>>END_MODULE
>>Per sequence GC content	warn
#GC Content	Count
0	67.0
1	71.0
2	94.5
3	168.0
4	318.0
5	552.0
6	1524.0
7	2357.0
8	2771.0
9	4327.5
10	6571.5
11	9369.0
12	13630.0
13	18620.0
14	24760.5
15	33004.5
16	42624.5
17	55799.5
18	73900.0
19	98003.5
20	127449.0
21	166469.5
22	217026.5
23	278754.5
24	354913.5
25	439395.5
26	537236.5
27	644542.5
28	742159.5
29	815732.5
30	893876.5
31	980313.0
32	1030582.0
33	1050271.0
34	1076521.5
35	1116562.5
36	1147866.0
37	1139979.0
38	1086378.0
39	1033277.0
40	985658.0
41	921685.0
42	861028.5
43	820268.5
44	769248.5
45	697815.5
46	633621.5
47	572103.0
48	523310.0
49	494517.5
50	470064.0
51	447304.0
52	422484.0
53	391409.5
54	353018.5
55	316828.0
56	282105.5
57	247010.5
58	217379.0
59	188078.5
60	154586.5
61	125310.5
62	106186.0
63	91534.5
64	83682.0
65	79111.5
66	66383.5
67	55641.5
68	54552.5
69	52412.5
70	41547.0
71	32136.0
72	28516.5
73	26409.5
74	25308.0
75	19527.0
76	16869.0
77	17972.0
78	14416.5
79	8643.5
80	5321.0
81	3822.5
82	2387.5
83	1079.0
84	378.0
85	147.5
86	64.5
87	25.0
88	14.0
89	8.0
90	5.5
91	3.5
92	2.0
93	1.0
94	0.0
95	1.0
96	1.5
97	1.5
98	1.5
99	4.5
100	5.5
>>END_MODULE
>>Per base N content	pass
#Base	N-Count
1	0.02477704273086053
2	4.0004793166885E-4
3	0.0010149364192339342
4	0.007867609322820716
5	0.0
6	0.0
7	0.0
8	0.0
9	0.0
10-14	0.0
15-19	0.0
20-24	5.652529108580231E-4
25-29	2.0446894285296776E-4
30-34	1.577966841582686E-4
35-39	1.637233201829923E-4
40-44	1.674274676984446E-4
45-49	3.926396366379453E-5
50-54	1.4816590061809257E-6
55-59	7.408295030904628E-7
60-64	1.7483576272934925E-4
65-69	2.741069161434713E-5
70-74	0.0
75-79	5.430280257653094E-4
80-84	3.926396366379453E-5
85-89	5.037640621015148E-5
90-94	1.8817069378497756E-4
95-99	1.4001677608409748E-4
100	0.0
>>END_MODULE
>>Sequence Length Distribution	pass
#Length	Count
100	2.6996765E7
>>END_MODULE
>>Sequence Duplication Levels	fail
#Total Duplicate Percentage	75.23840476562694
#Duplication Level	Relative count
1	100.0
2	38.086693581883736
3	22.899533137284223
4	16.041137084849392
5	12.02711458904451
6	9.440263171011315
7	7.876854574756185
8	6.617488245360448
9	5.957899283922312
10++	113.33964677931183
>>END_MODULE
>>Overrepresented sequences	pass
>>END_MODULE
>>Kmer Content	warn
#Sequence	Count	Obs/Exp Overall	Obs/Exp Max	Max Obs/Exp Position
AAAAA	16472155	2.3642902	5.911714	2
GAAAA	8523625	1.9485546	5.1652308	2
CGACG	2037765	1.8456848	6.741392	1
TTCCA	5039310	1.7821959	5.0797253	6
CGGCG	1194035	1.7224962	5.1652555	1
CGCGG	1150770	1.6600829	5.524753	1
CTCGA	2868900	1.623713	7.788005	1
TCGAG	2836630	1.6212339	5.1588454	7
CTGGA	2833490	1.6194394	6.5673523	1
CGAGA	2724990	1.564875	5.1538734	1
CTTTT	7006355	1.5561248	5.589135	1
CGCGA	1698125	1.5380594	5.6132607	1
CTCCA	2714405	1.5213159	5.3431964	1
TCCAA	4279430	1.5206946	5.063591	7
CGCCA	1666285	1.4945264	5.1705785	1
ATCGA	4154335	1.4907565	5.627521	6
CCGGC	1021160	1.4587666	5.6006017	1
CTTCG	2564695	1.4446342	5.3535542	1
CTCGT	2528410	1.4241956	6.6271663	1
CTCGG	1512325	1.3632541	7.1953793	1
CTCGC	1494815	1.3343507	5.643595	1
CGAAA	3558750	1.283141	5.3594756	1
GAATC	3558010	1.2767692	5.690141	4
CTTGA	3509935	1.2535237	5.165741	1
CTTGG	2179960	1.2399948	5.262528	1
AATCG	3372600	1.210236	5.2079372	5
>>END_MODULE
