##FastQC	0.10.1
>>Basic Statistics	pass
#Measure	Value	
Filename	t2.2.fq	
File type	Conventional base calls	
Encoding	Sanger / Illumina 1.9	
Total Sequences	33464245	
Filtered Sequences	0	
Sequence length	100	
%GC	38	
>>END_MODULE
>>Per base sequence quality	pass
#Base	Mean	Median	Lower Quartile	Upper Quartile	10th Percentile	90th Percentile
1	30.691244490948474	31.0	31.0	34.0	27.0	34.0
2	30.60135144241264	31.0	31.0	34.0	26.0	34.0
3	30.72981604694802	31.0	31.0	34.0	26.0	34.0
4	34.21397476620196	37.0	35.0	37.0	30.0	37.0
5	34.1768363218713	37.0	35.0	37.0	28.0	37.0
6	34.35645480721289	37.0	35.0	37.0	30.0	37.0
7	34.58050734448065	37.0	35.0	37.0	30.0	37.0
8	34.36256422339724	37.0	35.0	37.0	30.0	37.0
9	35.751282719810355	38.0	35.0	39.0	30.0	39.0
10-14	36.02596190052996	38.2	35.2	39.4	30.0	39.4
15-19	36.71469036280364	39.0	36.0	41.0	30.0	41.0
20-24	36.49364533399752	39.0	35.2	40.4	29.2	41.0
25-29	36.52666149796597	39.0	35.4	40.8	29.8	41.0
30-34	36.27261235387202	38.6	35.0	40.0	29.0	41.0
35-39	36.1696314618782	38.0	34.8	40.0	28.8	41.0
40-44	35.809131865966194	38.0	34.0	40.0	27.4	41.0
45-49	35.54919945751054	38.0	33.6	40.0	27.0	41.0
50-54	34.82293414359117	37.4	32.8	39.6	26.0	40.4
55-59	35.094140573020546	37.4	33.0	40.0	26.0	41.0
60-64	34.63625474293533	36.6	32.6	39.6	26.0	41.0
65-69	33.758981366530165	35.4	31.6	39.0	25.2	40.6
70-74	32.827907230538145	35.0	31.0	37.8	24.0	40.0
75-79	31.756946645591437	34.4	30.2	36.6	21.4	39.0
80-84	30.720338038404872	34.0	29.4	35.6	19.4	37.8
85-89	29.649838608341533	34.0	29.0	35.0	15.0	36.4
90-94	28.482690585130484	33.0	27.6	35.0	4.0	35.6
95-99	27.103169158604953	32.8	25.8	35.0	2.0	35.0
100	26.07856698993209	32.0	24.0	34.0	2.0	35.0
>>END_MODULE
>>Per sequence quality scores	pass
#Quality	Count
11	2.0
12	1373.0
13	8583.0
14	23908.0
15	48560.0
16	81847.0
17	122814.0
18	167951.0
19	216342.0
20	261609.0
21	311224.0
22	365010.0
23	426265.0
24	499868.0
25	582038.0
26	681361.0
27	797320.0
28	933891.0
29	1093236.0
30	1283873.0
31	1511080.0
32	1793334.0
33	2154144.0
34	2625388.0
35	3266842.0
36	4098668.0
37	4789711.0
38	4194966.0
39	1119271.0
40	3766.0
>>END_MODULE
>>Per base sequence content	fail
#Base	G	A	T	C
1	21.34043869863589	19.043543200967328	13.820647217578644	45.79537088281814
2	19.368625131584764	24.319010061251507	42.55442776175642	13.757937045407303
3	16.697023104652683	30.55032032723809	30.875397747436452	21.877258820672782
4	21.490572274586107	34.040346121721406	24.047127226111716	20.421954377580775
5	21.27793079232914	37.620152849717165	25.821938480270585	15.279977877683109
6	15.413552641511567	40.8320607078087	27.782145875249885	15.972240775429844
7	14.66967361384427	18.958637591740725	48.25011632420879	18.12157247020621
8	16.007917484426834	25.62644573054506	34.345382718935014	24.020254066093095
9	18.914895982583964	23.950919368943673	36.51620409805248	20.61798055041989
10-14	18.81200784390352	32.10558424713928	29.920563177694742	19.161844731262466
15-19	19.248484590874202	30.37680134281854	30.939377467091028	19.435336599216228
20-24	19.043872218146806	31.24625604007602	30.889197591415744	18.82067415036143
25-29	18.886920798816593	30.958194832310724	31.080174845609456	19.074709523263227
30-34	18.958982752236388	30.908391173803974	30.97985943938928	19.152766634570366
35-39	18.97491048633444	30.93773742494344	31.101484154465876	18.985867934256245
40-44	18.91851097353214	30.942547617111906	31.113922703848495	19.025018705507463
45-49	19.080338048103805	30.80408190253001	31.102212931614854	19.013367117751333
50-54	19.041223994831746	31.000371412432358	30.933057802521844	19.02534679021405
55-59	19.094731104971057	30.844845426385305	30.944088839248256	19.116334629395386
60-64	19.082137953989854	30.802166196608795	30.99719766612487	19.118498183276486
65-69	19.022614222943933	30.95776248497518	30.984801066089894	19.034822225990993
70-74	19.11363069005672	30.910102175186026	30.903784288572467	19.07248284618479
75-79	19.180214698681482	30.863118348490215	30.864379420010856	19.092287532817444
80-84	19.1441638320213	30.942904295727136	30.82206044497126	19.090871427280305
85-89	19.200426388704848	30.958181108253346	30.742805875476943	19.09858662756486
90-94	19.213349314313625	30.8917108486503	30.771114174915947	19.12382566212013
95-99	19.208156913679396	31.018615909485497	30.78213471466445	18.991092462170656
100	19.364975246618627	30.614543988072835	30.58028835040861	19.440192414899933
>>END_MODULE
>>Per base GC content	fail
#Base	%GC
1	67.13580958145403
2	33.12656217699207
3	38.574281925325465
4	41.91252665216688
5	36.55790867001225
6	31.38579341694141
7	32.79124608405048
8	40.02817155051993
9	39.53287653300385
10-14	37.973852575165985
15-19	38.68382119009043
20-24	37.864546368508236
25-29	37.96163032207982
30-34	38.11174938680676
35-39	37.960778420590685
40-44	37.94352967903961
45-49	38.093705165855134
50-54	38.0665707850458
55-59	38.21106573436644
60-64	38.200636137266336
65-69	38.05743644893493
70-74	38.18611353624151
75-79	38.272502231498926
80-84	38.235035259301604
85-89	38.299013016269704
90-94	38.33717497643375
95-99	38.19924937585005
100	38.80516766151856
>>END_MODULE
>>Per sequence GC content	warn
#GC Content	Count
0	66.0
1	95.0
2	146.5
3	262.5
4	431.0
5	712.0
6	1468.5
7	2413.5
8	3433.0
9	5377.5
10	8181.5
11	11725.0
12	17061.5
13	23723.0
14	31714.0
15	42226.5
16	55471.0
17	73349.0
18	97325.0
19	128320.0
20	167322.5
21	220082.0
22	287365.0
23	368729.0
24	466880.5
25	576727.5
26	701827.5
27	835679.5
28	960821.0
29	1061157.5
30	1158560.0
31	1262210.5
32	1329681.0
33	1354418.0
34	1378379.5
35	1415559.0
36	1443839.5
37	1431610.0
38	1354210.5
39	1266427.0
40	1191341.0
41	1099391.0
42	1018558.5
43	961843.0
44	894113.0
45	811616.0
46	740379.0
47	668984.5
48	610196.5
49	576411.0
50	542940.0
51	510516.5
52	475040.5
53	439448.5
54	402499.5
55	364547.0
56	332355.5
57	300216.5
58	268770.0
59	235884.0
60	196020.0
61	162734.0
62	143929.0
63	125563.5
64	111603.0
65	105337.0
66	89348.5
67	74986.5
68	75294.0
69	71915.5
70	53904.0
71	39302.5
72	36591.0
73	37149.0
74	36206.0
75	26680.5
76	21126.5
77	21267.5
78	17467.0
79	11406.5
80	7068.5
81	4818.0
82	2765.0
83	1121.5
84	371.0
85	140.0
86	61.0
87	26.5
88	15.0
89	6.5
90	4.5
91	4.5
92	2.0
93	0.0
94	0.0
95	0.0
96	0.5
97	0.5
98	0.0
99	0.5
100	0.5
>>END_MODULE
>>Per base N content	pass
#Base	N-Count
1	0.013886462999538761
2	0.5622896915797742
3	0.0070821857776860045
4	0.006406838104370799
5	0.009000651292147784
6	0.005758384807426553
7	0.0051846381115127505
8	0.07421652572768339
9	0.01621133242360615
10-14	5.7494200153029E-4
15-19	0.0016214320687647367
20-24	0.015996775065446715
25-29	0.0026715080528486447
30-34	4.829034690607841E-4
35-39	7.422847878384826E-4
40-44	0.0017068964203435636
45-49	0.0023033539229706215
50-54	0.003513003206855556
55-59	7.793392619495823E-4
60-64	6.263401430392348E-4
65-69	0.002840643797581568
70-74	0.001563459746365113
75-79	0.0019106960279546123
80-84	0.0016871738776715267
85-89	0.002075050550221587
90-94	0.003385703158699681
95-99	0.004102288875783691
100	0.003406621006988205
>>END_MODULE
>>Sequence Length Distribution	pass
#Length	Count
100	3.3464245E7
>>END_MODULE
>>Sequence Duplication Levels	fail
#Total Duplicate Percentage	75.73677493756864
#Duplication Level	Relative count
1	100.0
2	40.157617907631014
3	24.68240515840425
4	17.296031593478602
5	13.152882380694427
6	10.62785049015325
7	8.534433047337796
8	7.519178010379716
9	6.318695720551488
10++	121.19628846523494
>>END_MODULE
>>Overrepresented sequences	pass
>>END_MODULE
>>Kmer Content	warn
#Sequence	Count	Obs/Exp Overall	Obs/Exp Max	Max Obs/Exp Position
AAAAA	21972805	2.4960654	5.5894203	2
GAAGA	7667930	2.27766	5.146097	2
CGCCG	1639745	1.9579781	5.183803	1
CGACG	2572315	1.9317403	7.6127653	1
CTTCT	6789895	1.9113849	6.2783613	1
CGAGG	2473430	1.8890239	5.362003	1
CGGCG	1451850	1.7630575	5.357988	1
CGCGG	1395420	1.6945316	5.3075843	1
TCGAG	3524895	1.6537281	5.1039286	7
CTCGA	3569865	1.6468594	8.715146	1
CTGGA	3469995	1.6279715	7.118955	1
CTTCC	3571120	1.6091487	5.761759	1
CGCGA	2128775	1.5986536	5.805984	1
CGAGA	3380600	1.5966564	5.405074	1
CTTTT	9029930	1.5880451	7.103086	1
CTCCA	3480270	1.5787176	7.7606664	1
CGCCA	2054395	1.517034	5.7657	1
ATCGA	5090885	1.4770361	5.452502	6
CTTTC	5231030	1.4725577	5.2811275	1
CTTCG	3206315	1.4693024	7.0138764	1
CTCGT	3200925	1.4668324	7.9859066	1
CGATC	3161960	1.4586836	5.143147	4
CTTCA	5081290	1.4399878	6.256548	1
CGAAG	3044835	1.4380747	5.4654803	1
CCGGC	1201215	1.4343404	5.30252	1
CTGGC	1882330	1.4041729	5.2258587	1
CTCCT	3115110	1.4036704	5.6628084	1
CTCGC	1869865	1.3715824	6.729207	1
CTCGG	1830550	1.3655465	8.384417	1
CGAAA	4364800	1.2748582	5.34274	1
GAATC	4339495	1.2590326	5.250598	4
CTTTG	4344660	1.2438103	5.7759256	1
CTTGG	2658420	1.2389159	5.982054	1
CTTGA	4292010	1.236969	5.774004	1
AATCG	4214095	1.2226498	5.069087	5
CTCCG	1397495	1.0250897	5.263919	1
>>END_MODULE
