##FastQC	0.10.1
>>Basic Statistics	pass
#Measure	Value	
Filename	c6.1.fq	
File type	Conventional base calls	
Encoding	Sanger / Illumina 1.9	
Total Sequences	20895758	
Filtered Sequences	0	
Sequence length	50-90	
%GC	38	
>>END_MODULE
>>Per base sequence quality	pass
#Base	Mean	Median	Lower Quartile	Upper Quartile	10th Percentile	90th Percentile
1	37.595625198186156	39.0	37.0	39.0	35.0	39.0
2	37.52496722061961	39.0	37.0	39.0	35.0	39.0
3	37.5257794907464	39.0	37.0	39.0	35.0	39.0
4	38.827589504051495	40.0	38.0	41.0	35.0	41.0
5	38.80238457968359	40.0	38.0	41.0	35.0	41.0
6	38.74654367647252	40.0	38.0	41.0	35.0	41.0
7	38.716946999481905	40.0	38.0	41.0	35.0	41.0
8	38.667136793984696	40.0	38.0	41.0	35.0	41.0
9	38.68736257378172	40.0	38.0	41.0	34.0	41.0
10-14	38.52701509081413	40.0	38.0	41.0	34.0	41.0
15-19	38.2449892078574	40.0	37.8	41.0	34.0	41.0
20-24	38.29929393324712	40.0	38.0	41.0	34.0	41.0
25-29	38.02372913200851	39.6	37.0	41.0	33.2	41.0
30-34	37.589903615843944	39.0	36.4	40.2	32.4	41.0
35-39	37.31793577433276	39.0	36.0	40.0	32.0	41.0
40-44	37.03574723635295	38.6	35.2	40.0	31.2	41.0
45-49	36.39875175621769	38.0	34.4	40.0	30.4	41.0
50-54	35.79852581295773	37.0	34.0	39.8	29.4	41.0
55-59	35.110767182407336	36.0	33.2	39.0	28.6	40.4
60-64	34.420112694307555	35.0	32.6	38.2	28.0	40.0
65-69	33.565961518668644	34.6	31.6	36.2	27.4	39.0
70-74	33.35669351167967	34.4	32.0	36.0	27.4	38.2
75-79	32.80389086629418	34.0	31.2	35.0	27.0	36.6
80-84	32.36705248017976	34.0	31.0	35.0	26.6	36.0
85-89	32.10068616989737	34.0	31.0	35.0	26.0	35.0
90	32.28030680142027	34.0	31.0	35.0	27.0	35.0
>>END_MODULE
>>Per sequence quality scores	pass
#Quality	Count
24	4.0
25	119.0
26	1543.0
27	11318.0
28	50996.0
29	161199.0
30	388426.0
31	750711.0
32	1234259.0
33	1783307.0
34	2332830.0
35	2838759.0
36	3277325.0
37	3511547.0
38	3114528.0
39	1373627.0
40	65260.0
>>END_MODULE
>>Per base sequence content	warn
#Base	G	A	T	C
1	21.30254379860257	32.22666054995468	24.09118635466586	22.379609296776888
2	19.631233286679524	26.975948898336206	31.951571223211907	21.44124659177236
3	18.080583628504886	29.904978800003327	33.58330432425567	18.431133247236115
4	17.904701040278127	30.448433600733697	33.13036550289298	18.516499856095194
5	18.922520063641628	30.346676105265004	31.67562526327114	19.055178567822235
6	19.487070055080082	30.011043389763607	30.847083891381207	19.654802663775108
7	18.9985833488309	30.662864682870083	31.08194017178032	19.2566117965187
8	18.982800241082423	30.629790984371084	30.978220555578794	19.409188218967696
9	19.27735284836281	30.275120912100917	30.71768920754155	19.729837031994723
10-14	18.967915980458493	31.216087957873768	30.941781439137163	18.87421462253058
15-19	18.908417679798934	30.88323668373265	31.1530550841946	19.055290552273814
20-24	18.89444199907832	30.869392359337095	31.132932935630915	19.103232705953673
25-29	18.977800183175937	30.85287454037322	31.109510360906746	19.059814915544102
30-34	18.964742030415934	30.891295735718227	31.07798243069239	19.065979803173448
35-39	19.06127741333911	30.819698428743287	31.10044057746075	19.01858358045686
40-44	19.035827271736206	30.940451167169915	30.92148080964567	19.102240751448214
45-49	19.186785183863634	30.791524289283977	30.839931243460995	19.181759283391393
50-54	19.207753560564058	30.741450655842357	30.897061744491218	19.15373403910237
55-59	19.112071206122106	30.925025455260798	30.940989206624025	19.02191413199307
60-64	19.096480074779496	30.921521136104264	30.89956868478251	19.08243010433373
65-69	19.005918030297277	30.93802461880795	31.043841831504615	19.012215519390157
70-74	18.894028773970227	31.040664531972475	31.05444517921199	19.01086151484531
75-79	18.845087181128456	31.094579880707325	31.152052893676686	18.90828004448753
80-84	18.641173448538975	31.152716057298633	31.33933934795177	18.866771146210613
85-89	18.279124447601454	31.444250050527128	31.623258366535012	18.653367135336403
90	18.496079778291428	31.18122396805995	31.296607823182992	19.026088430465627
>>END_MODULE
>>Per base GC content	warn
#Base	%GC
1	43.682153095379455
2	41.07247987845189
3	36.511716875741
4	36.42120089637332
5	37.97769863146386
6	39.14187271885518
7	38.255195145349596
8	38.39198846005012
9	39.00718988035754
10-14	37.84213060298908
15-19	37.963708232072754
20-24	37.99767470503199
25-29	38.03761509872003
30-34	38.03072183358938
35-39	38.07986099379597
40-44	38.13806802318442
45-49	38.36854446725503
50-54	38.361487599666425
55-59	38.13398533811518
60-64	38.17891017911323
65-69	38.01813354968744
70-74	37.90489028881554
75-79	37.75336722561599
80-84	37.50794459474959
85-89	36.93249158293786
90	37.52216820875706
>>END_MODULE
>>Per sequence GC content	warn
#GC Content	Count
0	221.0
1	235.5
2	325.0
3	605.0
4	1027.5
5	1717.0
6	2802.0
7	4189.5
8	6538.5
9	10179.0
10	12881.0
11	15985.0
12	21911.5
13	29102.0
14	38825.0
15	52261.0
16	67990.5
17	90299.5
18	119883.0
19	156073.0
20	180792.5
21	210745.0
22	265020.0
23	333938.0
24	416666.5
25	496292.5
26	574238.0
27	661542.0
28	732271.5
29	785344.0
30	821938.5
31	861957.0
32	909644.5
33	927185.5
34	947532.0
35	954649.5
36	936346.0
37	916032.0
38	882723.0
39	840336.5
40	818606.0
41	783466.5
42	719762.5
43	666726.5
44	626770.5
45	591263.0
46	547605.5
47	506872.0
48	471313.0
49	444186.0
50	432060.0
51	411847.5
52	383372.5
53	350052.0
54	310980.0
55	277417.5
56	249822.0
57	224366.5
58	196836.5
59	175489.0
60	163293.0
61	147464.5
62	129754.0
63	113004.5
64	94718.5
65	80615.0
66	67543.5
67	58604.0
68	49924.5
69	41217.0
70	38223.5
71	35209.0
72	30442.5
73	25460.0
74	21924.0
75	20077.0
76	18338.0
77	16525.0
78	13183.0
79	8346.5
80	4646.5
81	2374.0
82	956.5
83	437.0
84	229.0
85	130.0
86	75.5
87	49.5
88	36.0
89	25.0
90	17.0
91	10.5
92	6.0
93	7.5
94	9.5
95	6.0
96	1.5
97	0.5
98	0.0
99	1.0
100	2.0
>>END_MODULE
>>Per base N content	pass
#Base	N-Count
1	0.0
2	0.0
3	0.0
4	0.0
5	0.0
6	0.0
7	0.0
8	0.0
9	0.0
10-14	4.5942339110167716E-5
15-19	0.0
20-24	1.9142641295903217E-6
25-29	0.0
30-34	0.0
35-39	0.0
40-44	0.0
45-49	0.0
50-54	3.0821505821267435E-5
55-59	0.0
60-64	0.0
65-69	2.6824159976153736E-5
70-74	0.0
75-79	0.0
80-84	0.0
85-89	0.0
90	0.0
>>END_MODULE
>>Sequence Length Distribution	warn
#Length	Count
50	56928.0
51	72965.0
52	68620.0
53	71333.0
54	72540.0
55	82073.0
56	86326.0
57	89595.0
58	88264.0
59	89923.0
60	93728.0
61	98347.0
62	101302.0
63	111765.0
64	112820.0
65	110815.0
66	103217.0
67	104567.0
68	106554.0
69	105565.0
70	102860.0
71	103461.0
72	105032.0
73	111759.0
74	114772.0
75	118082.0
76	120204.0
77	125624.0
78	132989.0
79	139805.0
80	145873.0
81	159535.0
82	173740.0
83	192120.0
84	207206.0
85	232217.0
86	246762.0
87	263610.0
88	266832.0
89	525526.0
90	1.5480502E7
>>END_MODULE
>>Sequence Duplication Levels	fail
#Total Duplicate Percentage	67.79120356430631
#Duplication Level	Relative count
1	100.0
2	33.36810730253353
3	19.536648150657093
4	13.170302127083051
5	9.768324075328547
6	7.486790407803821
7	6.25660479609809
8	5.141579731743666
9	4.493971006638667
10++	71.74366616989568
>>END_MODULE
>>Overrepresented sequences	pass
>>END_MODULE
>>Kmer Content	pass
>>END_MODULE
