##FastQC	0.10.1
>>Basic Statistics	pass
#Measure	Value	
Filename	t1.2.fq	
File type	Conventional base calls	
Encoding	Sanger / Illumina 1.9	
Total Sequences	16536414	
Filtered Sequences	0	
Sequence length	50-90	
%GC	37	
>>END_MODULE
>>Per base sequence quality	pass
#Base	Mean	Median	Lower Quartile	Upper Quartile	10th Percentile	90th Percentile
1	37.003377576299194	39.0	37.0	39.0	33.0	39.0
2	36.97570791345693	39.0	37.0	39.0	33.0	39.0
3	36.95667785046988	39.0	37.0	39.0	33.0	39.0
4	38.10587126084289	40.0	38.0	41.0	33.0	41.0
5	38.10064443234186	40.0	37.0	41.0	33.0	41.0
6	38.09128478520192	40.0	37.0	41.0	33.0	41.0
7	38.04749391252541	40.0	37.0	41.0	33.0	41.0
8	38.0644829042137	40.0	37.0	41.0	33.0	41.0
9	38.083361180967046	40.0	37.0	41.0	33.0	41.0
10-14	37.915083451587506	39.4	37.0	41.0	33.0	41.0
15-19	38.004194790962536	39.8	37.0	41.0	33.0	41.0
20-24	37.79061247499005	39.0	37.0	41.0	33.0	41.0
25-29	37.662477076348	39.0	37.0	41.0	32.4	41.0
30-34	37.40397552939833	39.0	36.0	40.0	31.6	41.0
35-39	37.12775778351945	38.8	35.4	40.0	31.0	41.0
40-44	36.441053120706826	37.8	34.8	39.6	30.6	40.6
45-49	36.71628742483104	38.0	35.0	40.0	31.0	41.0
50-54	36.24818404782755	37.6	34.2	40.0	30.2	41.0
55-59	35.65352911673313	36.6	34.0	39.4	29.6	41.0
60-64	35.002503812029076	35.4	33.4	38.6	29.0	40.0
65-69	34.309705591645965	35.0	33.0	37.2	29.0	39.4
70-74	33.64951762009663	35.0	32.0	36.0	28.8	38.4
75-79	33.05904523970973	34.0	32.0	35.2	27.6	36.8
80-84	32.63712327433399	34.0	31.2	35.0	27.0	36.0
85-89	32.55075707587781	34.0	31.0	35.0	27.0	35.2
90	32.69988818555737	34.0	31.0	35.0	29.0	35.0
>>END_MODULE
>>Per sequence quality scores	pass
#Quality	Count
24	26.0
25	340.0
26	3380.0
27	18755.0
28	69845.0
29	192240.0
30	405869.0
31	695828.0
32	1020536.0
33	1344399.0
34	1668014.0
35	2019484.0
36	2428604.0
37	2778795.0
38	2631308.0
39	1206099.0
40	52892.0
>>END_MODULE
>>Per base sequence content	warn
#Base	G	A	T	C
1	21.071545499526074	32.46829693547827	24.31901499321437	22.141142571781284
2	19.289156565304726	27.34195698406617	32.09733155688692	21.271554893742188
3	17.910533686444957	30.148749299576078	33.74712316709052	18.193593846888447
4	17.866308346249276	30.524485060542162	33.17749741328378	18.431709179924784
5	18.73492908160609	30.47894762590723	31.81965652622962	18.96646676625706
6	19.329096608927237	30.084051145475787	31.065010679496574	19.5218415661004
7	18.890688016239558	30.7004143341373	31.15509579708101	19.253801852542136
8	18.766070973191102	30.765100025017517	31.195489614343813	19.273339387447567
9	19.02090943939636	30.406212183819616	30.977944604290396	19.594933772493626
10-14	18.78578060674392	31.340962352370997	31.083402583551855	18.789854457333224
15-19	18.675477595405454	31.084425447111148	31.269095597985796	18.971001359497606
20-24	18.703000237076807	31.04548814733294	31.258859690322687	18.992651925267566
25-29	18.741071517984537	31.03627550112825	31.2620270997707	18.96062588111651
30-34	18.697323627681257	31.052263930644923	31.2713079948217	18.979104446852116
35-39	18.809736013798698	30.94183691298945	31.295168909232263	18.953258163979587
40-44	18.82002598147432	31.077856253822628	31.081639423531048	19.020478341172
45-49	18.945507264395903	30.92695716348522	31.05302808844921	19.074507483669667
50-54	18.96702867368571	30.890748666095575	31.114388734414593	19.02783392580412
55-59	18.870572229302887	31.0438622154507	31.12365314278626	18.96191241246015
60-64	18.91730322352491	31.057219669776927	31.092436488898343	18.933040617799822
65-69	18.844209799223176	31.07965509548324	31.169437960062364	18.906697145231217
70-74	18.76888384787599	31.19213193960019	31.166183075185934	18.872801137337888
75-79	18.699046159544043	31.264290406054474	31.2332907020786	18.803372732322885
80-84	18.571466340493966	31.313884355017436	31.38566834364484	18.728980960843757
85-89	18.311787069382387	31.575024667122094	31.522007121570226	18.591181141925293
90	18.55773171389457	31.275623511125172	31.204647428070643	18.961997346909616
>>END_MODULE
>>Per base GC content	warn
#Base	%GC
1	43.21268807130736
2	40.560711459046914
3	36.10412753333341
4	36.29801752617406
5	37.70139584786315
6	38.850938175027636
7	38.1444898687817
8	38.03941036063867
9	38.61584321188998
10-14	37.57563506407715
15-19	37.64647895490306
20-24	37.69565216234437
25-29	37.70169739910105
30-34	37.676428074533376
35-39	37.76299417777829
40-44	37.840504322646325
45-49	38.02001474806557
50-54	37.994862599489835
55-59	37.83248464176304
60-64	37.85034384132473
65-69	37.75090694445439
70-74	37.64168498521387
75-79	37.502418891866924
80-84	37.30044730133773
85-89	36.90296821130768
90	37.51972906080419
>>END_MODULE
>>Per sequence GC content	warn
#GC Content	Count
0	149.0
1	143.5
2	188.0
3	374.5
4	659.0
5	1131.5
6	1923.5
7	2934.0
8	4553.0
9	7021.5
10	8807.5
11	10880.0
12	14866.5
13	19768.0
14	26766.5
15	36501.0
16	47460.0
17	63393.0
18	84964.0
19	111995.0
20	129947.0
21	152225.0
22	195799.5
23	252475.5
24	321872.0
25	392200.0
26	460351.0
27	536318.5
28	599722.0
29	644086.5
30	671714.0
31	704509.5
32	746799.5
33	764601.5
34	782365.0
35	789823.0
36	778782.0
37	755815.5
38	715516.0
39	676178.5
40	658104.5
41	627060.5
42	573618.0
43	526516.5
44	486295.0
45	452735.5
46	413878.5
47	378515.0
48	349034.5
49	324158.5
50	312265.0
51	294702.5
52	271522.0
53	249703.5
54	223936.0
55	198385.5
56	174500.5
57	154601.5
58	134210.0
59	117938.5
60	110247.5
61	100967.5
62	90531.5
63	80090.0
64	68173.5
65	59832.0
66	51374.0
67	44319.0
68	36591.0
69	28823.5
70	25821.5
71	23872.5
72	21687.5
73	19213.0
74	16599.0
75	14501.5
76	12593.5
77	10663.0
78	8257.5
79	5414.5
80	3326.5
81	1747.0
82	621.0
83	272.5
84	146.0
85	92.0
86	57.5
87	34.5
88	22.5
89	14.5
90	8.5
91	6.0
92	5.0
93	3.0
94	1.5
95	1.0
96	0.5
97	0.0
98	0.0
99	0.0
100	0.0
>>END_MODULE
>>Per base N content	pass
#Base	N-Count
1	0.0
2	1.8141780920579275E-4
3	0.0
4	2.418904122743903E-5
5	7.861438398917686E-5
6	3.265520565704269E-4
7	1.2094520613719515E-5
8	6.047260306859757E-6
9	4.233082214801831E-5
10-14	0.010212613206224758
15-19	6.772931543682929E-5
20-24	4.837808245487806E-6
25-29	5.079698657762197E-5
30-34	9.191835666426832E-5
35-39	7.135767162094514E-5
40-44	9.675616490975612E-5
45-49	4.837808245487806E-5
50-54	6.688305727270374E-5
55-59	3.755841445374301E-4
60-64	8.798854871775733E-5
65-69	1.1534941015310121E-5
70-74	2.3580343766041594E-5
75-79	2.687097745666064E-6
80-84	8.3139445218796E-6
85-89	0.0
90	0.0
>>END_MODULE
>>Sequence Length Distribution	warn
#Length	Count
50	38289.0
51	47532.0
52	50899.0
53	51437.0
54	53121.0
55	54105.0
56	51729.0
57	54035.0
58	55419.0
59	55346.0
60	56578.0
61	55318.0
62	56506.0
63	61425.0
64	63436.0
65	61527.0
66	63642.0
67	64630.0
68	66095.0
69	68368.0
70	69656.0
71	68683.0
72	69467.0
73	76513.0
74	76454.0
75	76869.0
76	79680.0
77	84618.0
78	85523.0
79	88575.0
80	93781.0
81	98874.0
82	102244.0
83	110551.0
84	122166.0
85	131706.0
86	140157.0
87	148916.0
88	162291.0
89	334121.0
90	1.3186132E7
>>END_MODULE
>>Sequence Duplication Levels	fail
#Total Duplicate Percentage	66.25677583532323
#Duplication Level	Relative count
1	100.0
2	33.55071153697151
3	18.95710116480281
4	12.568764689170692
5	9.286138588289987
6	7.157984452077791
7	5.957023683462899
8	4.785764095147085
9	4.06518763397815
10++	61.9424571915597
>>END_MODULE
>>Overrepresented sequences	pass
>>END_MODULE
>>Kmer Content	pass
>>END_MODULE
