##FastQC	0.10.1
>>Basic Statistics	pass
#Measure	Value	
Filename	c3.1.fq	
File type	Conventional base calls	
Encoding	Sanger / Illumina 1.9	
Total Sequences	19628854	
Filtered Sequences	0	
Sequence length	50-90	
%GC	37	
>>END_MODULE
>>Per base sequence quality	pass
#Base	Mean	Median	Lower Quartile	Upper Quartile	10th Percentile	90th Percentile
1	37.594283191469046	39.0	37.0	39.0	35.0	39.0
2	37.5263150360179	39.0	37.0	39.0	35.0	39.0
3	37.52910475568263	39.0	37.0	39.0	35.0	39.0
4	38.83255150810129	40.0	38.0	41.0	35.0	41.0
5	38.80474254890275	40.0	38.0	41.0	35.0	41.0
6	38.75054060721018	40.0	38.0	41.0	35.0	41.0
7	38.72078930333885	40.0	38.0	41.0	35.0	41.0
8	38.669005434550584	40.0	38.0	41.0	35.0	41.0
9	38.692065670262764	40.0	38.0	41.0	34.0	41.0
10-14	38.5345171348261	40.0	38.0	41.0	34.0	41.0
15-19	38.25576030062682	40.0	37.8	41.0	34.0	41.0
20-24	38.312227438239645	40.0	38.0	41.0	34.0	41.0
25-29	38.03918090174801	39.6	37.0	41.0	33.2	41.0
30-34	37.616897705795765	39.0	36.6	40.4	32.6	41.0
35-39	37.35354403267761	39.0	36.0	40.0	32.0	41.0
40-44	37.08086501636825	38.6	35.2	40.0	31.2	41.0
45-49	36.460032490944194	38.0	34.6	40.0	30.4	41.0
50-54	35.87473490913199	37.2	34.0	40.0	29.4	41.0
55-59	35.19387016386092	36.2	33.4	39.0	28.6	40.4
60-64	34.499744331495144	35.0	32.6	38.4	28.2	40.0
65-69	33.63535956920463	34.6	31.6	36.4	27.8	39.2
70-74	33.414428996803714	34.4	32.0	36.0	27.8	38.2
75-79	32.855002476999864	34.0	31.2	35.0	27.0	36.8
80-84	32.412822898137186	34.0	31.0	35.0	26.8	36.0
85-89	32.13983349416317	34.0	31.0	35.0	26.2	35.0
90	32.31186536712069	34.0	31.0	35.0	27.0	35.0
>>END_MODULE
>>Per sequence quality scores	pass
#Quality	Count
24	4.0
25	128.0
26	1408.0
27	10123.0
28	46282.0
29	148778.0
30	357705.0
31	694394.0
32	1141707.0
33	1650343.0
34	2158759.0
35	2626814.0
36	3049498.0
37	3322634.0
38	3005266.0
39	1347443.0
40	67568.0
>>END_MODULE
>>Per base sequence content	warn
#Base	G	A	T	C
1	20.883506495081168	32.782846110119316	24.453169808079473	21.88047758672004
2	19.195822639467387	27.520144578995797	32.29592517219803	20.988107609338783
3	17.759686836531568	30.272037277367286	33.95164587805279	18.016630008048356
4	17.554198528350152	30.787385753646134	33.454133389549895	18.204282328453818
5	18.569667898085136	30.716566540257524	32.02965389624886	18.684111665408484
6	19.169575564625426	30.35349389220583	31.177851748247758	19.299078794920987
7	18.746102039375298	30.940441046634714	31.401140382418657	18.91231653157133
8	18.65520524020404	31.006812725796422	31.27641583151008	19.06156620248946
9	18.922836758579997	30.637708141290364	31.062954566782146	19.37650053334749
10-14	18.624320153517758	31.571403046308916	31.278865175304883	18.525411624868447
15-19	18.53863316257417	31.241813008969476	31.50437953743382	18.715174291022535
20-24	18.541592901959532	31.239480409808944	31.458421362755058	18.760505325476466
25-29	18.652251425376132	31.2236425009835	31.4554369806816	18.668669092958766
30-34	18.57283568363186	31.2563942856776	31.48374326896517	18.687026761725367
35-39	18.71707334518867	31.14164077026606	31.508261256617427	18.633024627927846
40-44	18.668335909982314	31.31906834703646	31.301010237276206	18.71158550570502
45-49	18.801319730637356	31.172950799878585	31.220290293055314	18.80543917642874
50-54	18.842889682930235	31.106456312923285	31.276552469099983	18.7741015350465
55-59	18.74746996293418	31.26621816288872	31.312214944283678	18.674096929893423
60-64	18.734663115400373	31.27201025076901	31.298105494691814	18.6952211391388
65-69	18.641808789959676	31.295316935283562	31.416281334047707	18.646592940709052
70-74	18.55574621174087	31.395376734951054	31.434411181796236	18.614465871511843
75-79	18.461247981801915	31.455829851696365	31.551095797794364	18.53182636870736
80-84	18.27067239986115	31.50393165571039	31.72553684824161	18.499859096186853
85-89	17.911024298667403	31.767541705899443	32.027022453192494	18.294411542240663
90	18.084927620768433	31.53024146670725	31.73085169579607	18.65397921672825
>>END_MODULE
>>Per base GC content	warn
#Base	%GC
1	42.76398408180121
2	40.18393024880617
3	35.776316844579924
4	35.75848085680397
5	37.25377956349362
6	38.46865435954641
7	37.65841857094663
8	37.7167714426935
9	38.299337291927486
10-14	37.14973177838621
15-19	37.25380745359671
20-24	37.302098227436
25-29	37.320920518334894
30-34	37.25986244535723
35-39	37.35009797311651
40-44	37.379921415687335
45-49	37.606758907066094
50-54	37.61699121797674
55-59	37.4215668928276
60-64	37.42988425453917
65-69	37.28840173066873
70-74	37.170212083252714
75-79	36.993074350509275
80-84	36.770531496048
85-89	36.20543584090806
90	36.738906837496685
>>END_MODULE
>>Per sequence GC content	warn
#GC Content	Count
0	234.0
1	259.0
2	371.0
3	662.5
4	1152.0
5	1970.5
6	3255.0
7	4979.5
8	7662.5
9	11818.5
10	15042.5
11	18636.0
12	25283.5
13	33482.5
14	44497.0
15	59532.0
16	76403.5
17	99866.0
18	130667.5
19	167229.5
20	191958.5
21	221200.5
22	275088.0
23	343901.0
24	424606.5
25	501804.5
26	575428.5
27	657925.0
28	726391.5
29	772276.5
30	801945.5
31	838096.0
32	881523.0
33	896983.0
34	914155.5
35	917558.5
36	901675.5
37	877004.5
38	836292.5
39	794205.5
40	771524.0
41	733084.0
42	666797.0
43	611974.5
44	566992.5
45	528864.5
46	483914.5
47	441843.0
48	407229.5
49	378002.5
50	362780.0
51	342090.0
52	315538.5
53	289172.5
54	258705.5
55	230853.0
56	206676.0
57	185532.0
58	162746.0
59	144353.5
60	134125.5
61	121972.5
62	108868.0
63	95720.5
64	80597.0
65	68918.5
66	58467.5
67	50759.0
68	42621.5
69	34797.0
70	31637.0
71	29126.5
72	25655.5
73	22017.0
74	19220.0
75	17663.0
76	16277.0
77	14781.0
78	11840.0
79	7524.5
80	4332.0
81	2228.5
82	880.5
83	399.5
84	200.0
85	122.5
86	84.0
87	51.5
88	31.5
89	30.0
90	25.0
91	12.0
92	4.0
93	4.0
94	4.5
95	3.5
96	1.5
97	0.5
98	0.0
99	0.5
100	1.0
>>END_MODULE
>>Per base N content	pass
#Base	N-Count
1	0.0
2	0.0
3	0.0
4	0.0
5	0.0
6	0.0
7	0.0
8	0.0
9	0.0
10-14	5.502104198237961E-5
15-19	1.0189081848588816E-6
20-24	0.0
25-29	0.0
30-34	0.0
35-39	0.0
40-44	0.0
45-49	0.0
50-54	3.485953933036752E-5
55-59	0.0
60-64	0.0
65-69	1.8653795313813293E-5
70-74	1.1274463175173622E-6
75-79	0.0
80-84	2.4171859114367494E-6
85-89	0.0
90	0.0
>>END_MODULE
>>Sequence Length Distribution	warn
#Length	Count
50	52862.0
51	68189.0
52	63510.0
53	66957.0
54	67789.0
55	76334.0
56	79932.0
57	83152.0
58	81773.0
59	83252.0
60	87194.0
61	90903.0
62	94688.0
63	103731.0
64	103939.0
65	102780.0
66	95881.0
67	95883.0
68	98447.0
69	98402.0
70	95741.0
71	96556.0
72	97335.0
73	102959.0
74	105836.0
75	110208.0
76	111874.0
77	115824.0
78	122705.0
79	129437.0
80	135448.0
81	147632.0
82	160109.0
83	178156.0
84	191819.0
85	214276.0
86	228151.0
87	244071.0
88	247078.0
89	488118.0
90	1.4609923E7
>>END_MODULE
>>Sequence Duplication Levels	fail
#Total Duplicate Percentage	66.33677718623163
#Duplication Level	Relative count
1	100.0
2	33.67651856201474
3	19.113981862073466
4	12.558230573497749
5	9.447380439746851
6	7.21210934951393
7	5.973771775298493
8	4.782410125921576
9	4.140405819795133
10++	64.07255170613949
>>END_MODULE
>>Overrepresented sequences	pass
>>END_MODULE
>>Kmer Content	pass
>>END_MODULE
