##FastQC	0.10.1
>>Basic Statistics	pass
#Measure	Value	
Filename	c6.2.fq	
File type	Conventional base calls	
Encoding	Sanger / Illumina 1.9	
Total Sequences	26255029	
Filtered Sequences	0	
Sequence length	100	
%GC	38	
>>END_MODULE
>>Per base sequence quality	pass
#Base	Mean	Median	Lower Quartile	Upper Quartile	10th Percentile	90th Percentile
1	30.673665681344325	31.0	31.0	34.0	27.0	34.0
2	30.577643429759686	31.0	31.0	34.0	26.0	34.0
3	30.712846708339193	31.0	31.0	34.0	26.0	34.0
4	34.20632005395995	37.0	35.0	37.0	30.0	37.0
5	34.16322366278857	37.0	35.0	37.0	28.0	37.0
6	34.33964434013765	37.0	35.0	37.0	30.0	37.0
7	34.56829832486569	37.0	35.0	37.0	30.0	37.0
8	34.34324677378951	37.0	35.0	37.0	30.0	37.0
9	35.727009785439584	38.0	35.0	39.0	30.0	39.0
10-14	35.99133364507044	38.2	35.2	39.4	30.0	39.4
15-19	36.67912941174051	39.0	36.0	41.0	30.0	41.0
20-24	36.447689423614804	39.0	35.2	40.2	29.0	41.0
25-29	36.477526991114736	39.0	35.0	40.6	29.6	41.0
30-34	36.21930886459886	38.4	35.0	40.0	28.8	41.0
35-39	36.111138426089724	38.0	34.8	40.0	28.8	41.0
40-44	35.73393821046627	38.0	34.0	40.0	27.0	41.0
45-49	35.45383901880283	38.0	33.2	40.0	27.0	41.0
50-54	34.70644904639031	37.2	32.8	39.6	25.8	40.4
55-59	34.96394523121647	37.0	33.0	40.0	26.0	41.0
60-64	34.48544448379775	36.4	32.6	39.4	26.0	41.0
65-69	33.59608230484149	35.2	31.4	38.8	25.0	40.4
70-74	32.66110242727213	35.0	31.0	37.6	23.6	40.0
75-79	31.60092457715434	34.0	30.0	36.4	21.2	39.0
80-84	30.58359280425857	34.0	29.0	35.4	19.2	37.6
85-89	29.515151691510226	33.8	29.0	35.0	14.4	36.4
90-94	28.343721440947558	33.0	27.2	35.0	4.0	35.4
95-99	26.942610758495068	32.6	25.4	35.0	2.0	35.0
100	25.907347731362247	32.0	24.0	34.0	2.0	35.0
>>END_MODULE
>>Per sequence quality scores	pass
#Quality	Count
11	11.0
12	957.0
13	6589.0
14	18788.0
15	37895.0
16	64606.0
17	97881.0
18	134049.0
19	172723.0
20	210253.0
21	248617.0
22	291813.0
23	340785.0
24	398827.0
25	466968.0
26	548175.0
27	642332.0
28	751351.0
29	879290.0
30	1031580.0
31	1216426.0
32	1442602.0
33	1729675.0
34	2102671.0
35	2609491.0
36	3233314.0
37	3675258.0
38	3079363.0
39	819679.0
40	3060.0
>>END_MODULE
>>Per base sequence content	fail
#Base	G	A	T	C
1	22.188593698407757	19.21312835018645	13.259805411678194	45.3384725397276
2	19.307127367401193	24.26075665455262	42.50500777348613	13.927108204560055
3	16.408229555552822	30.190566603274867	31.297158422742033	22.10404541843028
4	21.76596548875629	33.708746470300746	24.239608896390507	20.285679144552464
5	21.472887684966206	37.253804856117476	25.97975347374733	15.293553985168993
6	15.434559532679096	40.46914542376858	27.967686569551926	16.1286084740004
7	14.80726467435729	18.671177536659705	48.16235246796442	18.35920532101859
8	16.206438043640045	25.01697587243978	34.23867381035011	24.53791227357007
9	19.198982343733874	23.29849021978555	36.37526124335437	21.127266193126204
10-14	19.37318685180066	31.501278939070176	29.474572017192198	19.650962191936966
15-19	19.483168971231105	30.05329307645241	30.710169394974113	19.75336855734237
20-24	19.359414132686247	30.86488130249122	30.617006497130166	19.158698067692363
25-29	19.252984253325913	30.570865594390494	30.790576601034513	19.38557355124908
30-34	19.287366232453547	30.546461426180127	30.746766810573206	19.419405530793117
35-39	19.33593344717744	30.556040037462946	30.771634486250964	19.336392029108648
40-44	19.33218487635396	30.574750252428245	30.740101151685874	19.352963719531918
45-49	19.415808488143366	30.501787496801587	30.766452219257552	19.3159517957975
50-54	19.38111012708772	30.641540795367177	30.617621500480475	19.359727577064632
55-59	19.46436939003755	30.505349327574837	30.588227784015654	19.44205349837195
60-64	19.426228840717155	30.460978757641143	30.678664836271107	19.43412756537059
65-69	19.361118668170224	30.653769159379408	30.67117733269351	19.313934839756858
70-74	19.452423180189193	30.5768463051653	30.554313912918456	19.41641660172705
75-79	19.516648290195985	30.54771836450071	30.54070092434892	19.394932420954387
80-84	19.481173505774	30.601342332595788	30.48890182884551	19.428582332784707
85-89	19.55310816522263	30.59320881811934	30.424069846877178	19.429613169780858
90-94	19.549436079211176	30.55098552025723	30.438363927498628	19.461214473032964
95-99	19.53882670118656	30.707629424546486	30.442421053244217	19.311122821022735
100	19.695786908991767	30.28862885666949	30.2639355678468	19.75164866649194
>>END_MODULE
>>Per base GC content	fail
#Base	%GC
1	67.52706623813536
2	33.23423557196124
3	38.512274973983104
4	42.05164463330875
5	36.766441670135194
6	31.563168006679494
7	33.16646999537588
8	40.74435031721011
9	40.32624853686008
10-14	39.02414904373763
15-19	39.23653752857348
20-24	38.51811220037861
25-29	38.638557804574994
30-34	38.706771763246664
35-39	38.67232547628609
40-44	38.68514859588588
45-49	38.731760283940865
50-54	38.740837704152355
55-59	38.9064228884095
60-64	38.860356406087746
65-69	38.67505350792708
70-74	38.86883978191624
75-79	38.91158071115037
80-84	38.9097558385587
85-89	38.98272133500349
90-94	39.010650552244144
95-99	38.8499495222093
100	39.4474355754837
>>END_MODULE
>>Per sequence GC content	warn
#GC Content	Count
0	49.0
1	66.5
2	109.5
3	190.0
4	337.0
5	569.5
6	1004.5
7	1675.5
8	2583.0
9	4085.0
10	6148.5
11	8968.5
12	13492.5
13	18777.0
14	25050.0
15	33405.5
16	43908.0
17	59366.0
18	79336.5
19	104620.5
20	136728.0
21	177492.5
22	228646.5
23	289341.5
24	362125.5
25	440889.0
26	528009.0
27	621199.5
28	706339.0
29	775698.0
30	845960.0
31	919144.0
32	965195.0
33	986901.5
34	1007088.0
35	1033392.0
36	1055882.5
37	1048737.5
38	1003220.5
39	955489.5
40	910631.5
41	851216.5
42	796172.0
43	759496.5
44	720301.0
45	673406.5
46	632084.5
47	582661.0
48	537713.5
49	507606.5
50	480200.0
51	456364.5
52	430836.5
53	401618.0
54	364265.0
55	327651.0
56	298333.0
57	269575.0
58	243516.5
59	219785.5
60	189080.5
61	156742.0
62	134891.5
63	117798.0
64	105347.0
65	93903.0
66	77291.5
67	64646.5
68	61402.0
69	58014.5
70	46473.0
71	35629.0
72	30020.0
73	25504.5
74	23602.0
75	20481.0
76	17123.0
77	15057.0
78	11060.5
79	6978.0
80	4263.5
81	2628.0
82	1442.0
83	618.0
84	212.5
85	84.5
86	43.0
87	28.0
88	12.0
89	7.0
90	7.5
91	5.0
92	1.5
93	0.5
94	0.0
95	0.0
96	0.0
97	0.0
98	0.0
99	0.0
100	0.0
>>END_MODULE
>>Per base N content	pass
#Base	N-Count
1	0.013349823380503598
2	0.5527398198646057
3	0.0072290912342926755
4	0.006589213822616612
5	0.008866872704654031
6	0.0058998220874179955
7	0.005366590911021275
8	0.07337260987218867
9	0.015699849350766286
10-14	5.431340411012306E-4
15-19	0.0016629195115343428
20-24	0.015676234827240145
25-29	0.002753758146677347
30-34	4.5019946464351646E-4
35-39	6.8025062931753E-4
40-44	0.0016735841350622772
45-49	0.0023020351643869828
50-54	0.003468287923048952
55-59	7.480471646022558E-4
60-64	6.00265952858022E-4
65-69	0.0026463501525745793
70-74	0.0014557211115630456
75-79	0.001679678205649668
80-84	0.0016492078527127127
85-89	0.0019950463585471567
90-94	0.003489617170104821
95-99	0.004214811570004359
100	0.0035497961171553076
>>END_MODULE
>>Sequence Length Distribution	pass
#Length	Count
100	2.6255029E7
>>END_MODULE
>>Sequence Duplication Levels	fail
#Total Duplicate Percentage	72.01865650904396
#Duplication Level	Relative count
1	100.0
2	37.18908513108843
3	21.9840493796981
4	15.047668520442462
5	11.30141172156695
6	9.024934303000672
7	7.315284483285461
8	6.077736356413861
9	5.329096131516225
10++	92.29817270671637
>>END_MODULE
>>Overrepresented sequences	pass
>>END_MODULE
>>Kmer Content	warn
#Sequence	Count	Obs/Exp Overall	Obs/Exp Max	Max Obs/Exp Position
AAAAA	16090805	2.4678414	5.8575125	2
TTTTT	16384610	2.4042108	5.5017614	2
CGAGG	2201720	2.025713	5.3849487	1
CGCCG	1430260	2.005521	5.5880933	1
CGACG	2189940	1.9845573	7.847863	1
CGGCG	1327840	1.8903506	5.261245	1
CTTCT	5007685	1.7906729	5.313487	1
CGCGG	1209625	1.7220564	5.424757	1
TCGAG	2939600	1.7064683	5.082002	7
CTCGA	2981895	1.7049747	9.078165	1
CGCGA	1804215	1.6350074	5.9139957	1
CTTCC	2867415	1.6006309	5.3182454	1
CGAGA	2716920	1.5912099	5.4893527	1
CTGGA	2702025	1.5685536	6.693842	1
ATCGA	4185090	1.5464989	5.5129666	6
CTCCA	2745215	1.5460289	6.8681564	1
CTTTT	6727785	1.5410969	6.701829	1
CGATC	2695065	1.5409724	5.2535424	4
CAAAA	6410805	1.5213628	5.044785	1
CGCCA	1704165	1.5211031	5.459304	1
CGAAG	2532050	1.4829377	5.517051	1
CTTCG	2609255	1.4787732	6.6351757	1
CTCGT	2589110	1.467356	7.656707	1
CTCGC	1594845	1.410993	6.6314774	1
CTCGG	1554650	1.3964436	8.489239	1
CTTCA	3793055	1.3683871	5.6745844	1
CTGGC	1516115	1.3618301	5.0660605	1
CGAAA	3580900	1.334989	5.851663	1
GAATC	3470930	1.2825984	5.324132	4
CTTGG	2164925	1.2456967	6.07177	1
CTTTG	3392385	1.2315974	5.5632033	1
CTTGA	3332005	1.2204216	5.6548643	1
>>END_MODULE
