##FastQC	0.10.1
>>Basic Statistics	pass
#Measure	Value	
Filename	t5.2.fq	
File type	Conventional base calls	
Encoding	Sanger / Illumina 1.9	
Total Sequences	23439238	
Filtered Sequences	0	
Sequence length	50-90	
%GC	37	
>>END_MODULE
>>Per base sequence quality	pass
#Base	Mean	Median	Lower Quartile	Upper Quartile	10th Percentile	90th Percentile
1	37.01016880326912	39.0	37.0	39.0	33.0	39.0
2	36.98347936908188	39.0	37.0	39.0	33.0	39.0
3	36.958135755095796	39.0	37.0	39.0	33.0	39.0
4	38.11040188251854	40.0	38.0	41.0	33.0	41.0
5	38.10703769465543	40.0	37.0	41.0	33.0	41.0
6	38.092381586807555	40.0	37.0	41.0	33.0	41.0
7	38.04753072604152	40.0	37.0	41.0	33.0	41.0
8	38.059277097659916	40.0	37.0	41.0	33.0	41.0
9	38.07908789526349	40.0	37.0	41.0	33.0	41.0
10-14	37.91486220669802	39.4	37.0	41.0	33.0	41.0
15-19	37.9936755964507	39.8	37.0	41.0	33.0	41.0
20-24	37.77274163093527	39.0	37.0	41.0	33.0	41.0
25-29	37.63468621292211	39.0	36.8	40.8	32.4	41.0
30-34	37.3689109261999	39.0	36.0	40.0	31.6	41.0
35-39	37.07391831594526	38.4	35.4	40.0	31.0	41.0
40-44	36.38024723329316	37.8	34.6	39.6	30.6	40.6
45-49	36.6541062725674	38.0	35.0	40.0	31.0	41.0
50-54	36.179348497433935	37.6	34.0	40.0	30.0	41.0
55-59	35.58395907964505	36.4	34.0	39.2	29.2	41.0
60-64	34.93581400980998	35.4	33.2	38.6	29.0	40.0
65-69	34.25649870656308	35.0	33.0	37.2	29.0	39.4
70-74	33.60414845292813	35.0	32.0	36.0	28.4	38.4
75-79	33.012785795046966	34.0	32.0	35.2	27.4	36.8
80-84	32.589792032205736	34.0	31.0	35.0	27.0	36.0
85-89	32.50483544170847	34.0	31.0	35.0	27.0	35.2
90	32.66217992785434	34.0	31.0	35.0	29.0	35.0
>>END_MODULE
>>Per sequence quality scores	pass
#Quality	Count
24	27.0
25	538.0
26	4810.0
27	27223.0
28	102575.0
29	280069.0
30	587728.0
31	1006587.0
32	1474300.0
33	1939543.0
34	2395420.0
35	2884745.0
36	3448992.0
37	3899071.0
38	3650718.0
39	1665619.0
40	71273.0
>>END_MODULE
>>Per base sequence content	warn
#Base	G	A	T	C
1	21.074516159612354	32.31293184530999	24.287858675269224	22.324693319808432
2	19.392429853523605	27.154801295931435	32.043534074089465	21.409234776455495
3	17.90726302621271	30.015032911906097	33.68728539724713	18.390418664634065
4	17.881242866660475	30.512194256194057	33.14867569039805	18.457887186747417
5	18.81849631830689	30.438202369908616	31.700049182532386	19.043252129252107
6	19.315351329558315	30.07040990137238	30.953981955422922	19.660256813646384
7	18.884024206249723	30.75654854961996	31.138587452253137	19.220839791877175
8	18.881885153433743	30.718656468269145	31.048398416364904	19.35105996193221
9	19.124382685697718	30.3076230943544	30.845733659822944	19.722260560124933
10-14	18.84096062611639	31.310047889786137	31.018871825468135	18.830119658629336
15-19	18.72606784263211	31.021352573490674	31.21271895912673	19.03986062475049
20-24	18.748489818602117	30.998903838048108	31.1768558748149	19.07575046853487
25-29	18.777767337540823	31.003270687702123	31.20483533298381	19.014126641773245
30-34	18.74859151675732	31.018799643554708	31.207853708107447	19.024755131580527
35-39	18.862997229106362	30.93813100955231	31.176745552152468	19.022126209188862
40-44	18.890194317414224	31.04197577113583	31.016554273263942	19.051275638186
45-49	18.993920908687993	30.916733993972873	30.972630035731385	19.11671506160775
50-54	19.01334301538666	30.86296162579692	31.027292709323923	19.096402649492497
55-59	18.923562285406188	31.046367076262083	31.06676273014412	18.963307908187602
60-64	18.928536101336128	31.055058643350105	31.02417372386796	18.992231531445807
65-69	18.88656083888413	31.06046096658046	31.101389543808615	18.95158865072679
70-74	18.788245477244768	31.182518718042314	31.11311025290673	18.91612555180619
75-79	18.72690712126158	31.260250695388542	31.17197993387464	18.840862249475236
80-84	18.59133792132433	31.316365483820036	31.31135032978293	18.780946265072703
85-89	18.32580689621125	31.553489616397627	31.50916159895869	18.61154188843243
90	18.592509774357318	31.267687345684514	31.11109519909884	19.028707680859327
>>END_MODULE
>>Per base GC content	warn
#Base	%GC
1	43.39920947942079
2	40.8016646299791
3	36.29768169084678
4	36.33913005340789
5	37.861748447558995
6	38.975608143204695
7	38.1048639981269
8	38.23294511536595
9	38.846643245822655
10-14	37.67108028474572
15-19	37.7659284673826
20-24	37.82424028713699
25-29	37.79189397931406
30-34	37.77334664833784
35-39	37.885123438295224
40-44	37.94146995560022
45-49	38.11063597029574
50-54	38.109745664879156
55-59	37.88687019359379
60-64	37.92076763278194
65-69	37.83814948961092
70-74	37.70437102905096
75-79	37.56776937073682
80-84	37.37228418639704
85-89	36.93734878464369
90	37.621217455216645
>>END_MODULE
>>Per sequence GC content	warn
#GC Content	Count
0	287.0
1	271.5
2	316.5
3	579.0
4	1002.0
5	1730.0
6	2967.5
7	4566.5
8	6836.5
9	10376.5
10	13125.0
11	16416.5
12	22652.5
13	30017.0
14	40322.5
15	54580.5
16	70548.5
17	93419.5
18	124737.0
19	164510.0
20	190806.5
21	224007.0
22	286922.0
23	365659.5
24	462895.0
25	561020.0
26	657566.5
27	764845.0
28	852379.0
29	914166.5
30	952488.5
31	992991.5
32	1049480.5
33	1071287.0
34	1089597.0
35	1095941.5
36	1075632.0
37	1041461.0
38	985904.0
39	933331.5
40	910276.0
41	871625.0
42	796260.5
43	730907.5
44	679585.5
45	634473.0
46	584905.5
47	539722.0
48	500853.5
49	468787.0
50	453741.0
51	430841.5
52	398624.5
53	364648.5
54	325075.5
55	289660.0
56	259395.5
57	231168.5
58	202095.0
59	181420.0
60	172102.0
61	157240.5
62	137967.0
63	121072.5
64	103721.0
65	89903.0
66	76459.0
67	66094.5
68	56066.0
69	46666.5
70	42849.0
71	39113.0
72	34221.5
73	28656.5
74	24769.5
75	24475.0
76	22038.5
77	16394.5
78	10762.0
79	6435.0
80	4034.0
81	2295.5
82	967.0
83	448.5
84	217.5
85	138.5
86	96.0
87	59.5
88	30.5
89	24.0
90	18.0
91	8.0
92	4.0
93	4.5
94	3.0
95	1.5
96	2.0
97	1.5
98	1.0
99	0.5
100	0.0
>>END_MODULE
>>Per base N content	pass
#Base	N-Count
1	0.0
2	1.4932226039088812E-4
3	0.0
4	2.5598101781295107E-5
5	9.38597065314154E-5
6	2.687800687035987E-4
7	8.532700593765036E-6
8	0.0
9	1.2799050890647554E-5
10-14	0.00945167244771353
15-19	5.034293350321371E-5
20-24	3.4130802375060147E-6
25-29	3.583734249381315E-5
30-34	7.252795504700282E-5
35-39	5.4609283800096235E-5
40-44	9.044662629390939E-5
45-49	4.778312332508421E-5
50-54	4.633489838319177E-5
55-59	2.8344174820311887E-4
60-64	7.457332207939044E-5
65-69	7.245438120457999E-6
70-74	2.500804796032323E-5
75-79	2.851706065948573E-6
80-84	1.864369182935103E-5
85-89	0.0
90	0.0
>>END_MODULE
>>Sequence Length Distribution	warn
#Length	Count
50	55798.0
51	69261.0
52	73699.0
53	74991.0
54	77114.0
55	78322.0
56	75504.0
57	79963.0
58	80141.0
59	80338.0
60	83208.0
61	80763.0
62	82804.0
63	88988.0
64	92359.0
65	89192.0
66	92365.0
67	92975.0
68	95809.0
69	99379.0
70	101076.0
71	99878.0
72	100665.0
73	110813.0
74	110952.0
75	111363.0
76	116421.0
77	122906.0
78	123695.0
79	128914.0
80	136914.0
81	143528.0
82	149046.0
83	160432.0
84	177293.0
85	190522.0
86	203937.0
87	215765.0
88	235330.0
89	482448.0
90	1.8574367E7
>>END_MODULE
>>Sequence Duplication Levels	fail
#Total Duplicate Percentage	69.43147957703768
#Duplication Level	Relative count
1	100.0
2	35.83638846955647
3	21.050966860757672
4	14.423118395514342
5	10.705197325857235
6	8.360290417655094
7	6.82337718352383
8	5.8026022572065274
9	4.892531090503918
10++	79.64776076486234
>>END_MODULE
>>Overrepresented sequences	pass
>>END_MODULE
>>Kmer Content	pass
>>END_MODULE
