##FastQC	0.10.1
>>Basic Statistics	pass
#Measure	Value	
Filename	t5.2.fq	
File type	Conventional base calls	
Encoding	Sanger / Illumina 1.9	
Total Sequences	29293469	
Filtered Sequences	0	
Sequence length	100	
%GC	38	
>>END_MODULE
>>Per base sequence quality	pass
#Base	Mean	Median	Lower Quartile	Upper Quartile	10th Percentile	90th Percentile
1	30.676094866060417	31.0	31.0	34.0	27.0	34.0
2	30.61783078678732	31.0	31.0	34.0	26.0	34.0
3	30.741445849243735	31.0	31.0	34.0	26.0	34.0
4	34.22970816464243	37.0	35.0	37.0	30.0	37.0
5	34.18652993948924	37.0	35.0	37.0	30.0	37.0
6	34.35106316701515	37.0	35.0	37.0	30.0	37.0
7	34.568133190370865	37.0	35.0	37.0	30.0	37.0
8	34.35013650995039	37.0	35.0	37.0	30.0	37.0
9	35.73750459530758	38.0	35.0	39.0	30.0	39.0
10-14	36.00061395255032	38.2	35.2	39.4	30.0	39.4
15-19	36.687676532950064	39.0	36.0	41.0	30.0	41.0
20-24	36.46745680410879	39.0	35.2	40.4	29.2	41.0
25-29	36.49153989239035	39.0	35.0	40.6	29.6	41.0
30-34	36.22663112381808	38.4	35.0	40.0	28.8	41.0
35-39	36.104383021348546	38.0	34.6	40.0	28.8	41.0
40-44	35.739804814513434	38.0	34.0	40.0	27.0	41.0
45-49	35.44797216744797	38.0	33.2	40.0	27.0	41.0
50-54	34.712917565345364	37.2	32.8	39.6	25.8	40.4
55-59	34.98461502801187	37.2	33.0	40.0	26.0	41.0
60-64	34.51063743252805	36.4	32.6	39.6	26.0	41.0
65-69	33.61699931134821	35.2	31.4	39.0	25.0	40.4
70-74	32.667093856313166	35.0	31.0	37.6	23.4	40.0
75-79	31.60369040621307	34.0	30.0	36.4	21.2	39.0
80-84	30.56488518311027	34.0	29.0	35.4	19.0	37.6
85-89	29.474996293542425	33.8	29.0	35.0	13.8	36.4
90-94	28.2877207134464	33.0	27.2	35.0	3.6	35.6
95-99	26.88225578882446	32.6	25.4	35.0	2.0	35.0
100	25.843921592215658	32.0	24.0	34.0	2.0	35.0
>>END_MODULE
>>Per sequence quality scores	pass
#Quality	Count
11	10.0
12	1163.0
13	7573.0
14	21321.0
15	43753.0
16	74231.0
17	111210.0
18	152540.0
19	195284.0
20	238489.0
21	281388.0
22	329846.0
23	384901.0
24	451320.0
25	524517.0
26	612594.0
27	715271.0
28	836079.0
29	975949.0
30	1142856.0
31	1343679.0
32	1594359.0
33	1910045.0
34	2325682.0
35	2882637.0
36	3585661.0
37	4114423.0
38	3514745.0
39	918982.0
40	2961.0
>>END_MODULE
>>Per base sequence content	fail
#Base	G	A	T	C
1	22.03599230182542	18.790622222451354	15.094377887314792	44.07900758840844
2	19.951998945689166	24.63383399948677	40.57753772524549	14.836629329578574
3	17.23892490601444	30.468890479264832	30.338555593681942	21.95362902103879
4	21.76097892194605	33.97554135818428	23.845743621621054	20.41773609824861
5	21.401494027206198	37.282068399471115	25.905398123833617	15.411039449489072
6	15.562093240358237	40.58519277549983	27.698108492452562	16.154605491689374
7	14.71452165951503	18.588291298343943	48.481169218514864	18.216017823626164
8	16.538223486555776	25.380070403765725	33.6923688988977	24.389337210780795
9	19.27735886458398	23.683079701305072	36.046496462426084	20.993064971684863
10-14	19.169018051476023	31.80722377611917	29.572469483078546	19.451288689326265
15-19	19.375685990868735	30.233438752273216	30.80688987417907	19.58398538267897
20-24	19.24287741021576	31.054861290491836	30.688389706597942	19.01387159269446
25-29	19.108961589465956	30.78081036625853	30.86658960384043	19.243638440435074
30-34	19.127063728513136	30.747232900554682	30.846445938401658	19.27925743253052
35-39	19.164728661410155	30.746724361295318	30.885472981874106	19.20307399542042
40-44	19.14345743481159	30.756132857531583	30.89140552029243	19.2090041873644
45-49	19.26391541782423	30.671196861072108	30.860916822253497	19.203970898850166
50-54	19.259409918415944	30.773906104236424	30.733049246626244	19.233634730721388
55-59	19.298187280714334	30.67088715357305	30.743708734377805	19.28721683133481
60-64	19.258007944986883	30.634369112538106	30.817228057699797	19.290394884775214
65-69	19.237962055185935	30.77976689790991	30.783158862132282	19.19911218477187
70-74	19.311406715418666	30.74401838104398	30.673267122446713	19.271307781090638
75-79	19.375413925769514	30.69318234041343	30.66160004444476	19.269803689372303
80-84	19.35684522621606	30.741879576537457	30.594052844700876	19.30722235254561
85-89	19.398263083584897	30.75106855581088	30.537901895023918	19.312766465580314
90-94	19.40763363102492	30.70300455074738	30.562650830833395	19.326710987394307
95-99	19.40638037448693	30.819255418712853	30.572234755666432	19.202129451133782
100	19.49399930698866	30.465054988572142	30.445281975389566	19.595663729049637
>>END_MODULE
>>Per base GC content	fail
#Base	%GC
1	66.11499989023385
2	34.78862827526774
3	39.192553927053225
4	42.178715020194666
5	36.81253347669527
6	31.71669873204761
7	32.930539483141196
8	40.927560697336574
9	40.27042383626884
10-14	38.620306740802285
15-19	38.95967137354771
20-24	38.256749002910226
25-29	38.352600029901026
30-34	38.406321161043664
35-39	38.36780265683058
40-44	38.352461622175994
45-49	38.467886316674395
50-54	38.49304464913733
55-59	38.58540411204914
60-64	38.5484028297621
65-69	38.4370742399578
70-74	38.582714496509304
75-79	38.64521761514182
80-84	38.66406757876167
85-89	38.71102954916521
90-94	38.73434461841923
95-99	38.60850982562071
100	39.089663036038296
>>END_MODULE
>>Per sequence GC content	warn
#GC Content	Count
0	75.0
1	86.0
2	129.0
3	233.0
4	396.5
5	690.5
6	1286.5
7	2048.5
8	3078.5
9	4787.5
10	7272.5
11	10635.5
12	15536.5
13	21160.5
14	27995.0
15	37491.0
16	48918.5
17	64869.5
18	86616.0
19	113102.5
20	147155.0
21	193571.0
22	250714.5
23	321185.0
24	407380.5
25	499110.0
26	603916.0
27	717395.5
28	819204.0
29	902953.5
30	984748.5
31	1067996.5
32	1123344.5
33	1144157.0
34	1161674.5
35	1188479.0
36	1208827.0
37	1198308.0
38	1137362.0
39	1070694.5
40	1017152.5
41	946747.5
42	880120.0
43	832219.0
44	780642.0
45	724186.0
46	675875.5
47	621886.0
48	571001.0
49	535842.5
50	507067.5
51	479958.0
52	448410.5
53	418202.5
54	381489.0
55	344107.5
56	313081.5
57	282384.0
58	255703.5
59	230950.0
60	199450.0
61	166169.5
62	144547.5
63	128424.5
64	117029.5
65	108380.5
66	90800.5
67	75025.0
68	69611.0
69	65469.5
70	52709.0
71	41309.5
72	37047.5
73	33675.0
74	29955.0
75	22153.5
76	17751.5
77	17074.0
78	13702.0
79	8857.5
80	5482.5
81	3638.5
82	2097.5
83	961.5
84	339.5
85	116.5
86	52.0
87	29.0
88	14.5
89	6.5
90	4.0
91	3.0
92	2.5
93	2.0
94	1.0
95	0.5
96	0.5
97	0.0
98	0.0
99	0.0
100	1.0
>>END_MODULE
>>Per base N content	pass
#Base	N-Count
1	0.013409132254018805
2	0.48057128365370455
3	0.00683428787488433
4	0.006206161516753102
5	0.008773286632593769
6	0.005987682783490067
7	0.0053322465837009605
8	0.07033308345966127
9	0.014293288377692653
10-14	5.584862619036346E-4
15-19	0.0015040895293077102
20-24	0.015127604040340869
25-29	0.00284295451658525
30-34	4.833841973444661E-4
35-39	6.991319464417137E-4
40-44	0.001654293658426047
45-49	0.002443548082338763
50-54	0.0032662570622823814
55-59	7.837924555811399E-4
60-64	6.131059452193935E-4
65-69	0.0024141900025565427
70-74	0.0014378631632873526
75-79	0.0016222045944780388
80-84	0.0017963048350470201
85-89	0.0020973958393251412
90-94	0.0035837339715552295
95-99	0.004313589489862058
100	0.0034785910811723935
>>END_MODULE
>>Sequence Length Distribution	pass
#Length	Count
100	2.9293469E7
>>END_MODULE
>>Sequence Duplication Levels	fail
#Total Duplicate Percentage	72.89013840830451
#Duplication Level	Relative count
1	100.0
2	38.66587957497048
3	23.298446025718754
4	16.334279970643607
5	12.197262197262198
6	9.622195985832349
7	7.712434985162258
8	6.724847633938543
9	5.541019177382814
10++	98.99486263122627
>>END_MODULE
>>Overrepresented sequences	pass
>>END_MODULE
>>Kmer Content	warn
#Sequence	Count	Obs/Exp Overall	Obs/Exp Max	Max Obs/Exp Position
AAAAA	18543725	2.481722	5.993372	2
TTTTT	18581035	2.4134016	5.061279	2
CGCCG	1568055	2.0330455	6.0530863	1
CGACG	2349350	1.9453096	7.962271	1
CGAGG	2307325	1.9382176	5.1634326	1
CGGCG	1421460	1.8697057	5.7564673	1
CTTCT	5635565	1.8162909	5.125736	1
CGCGG	1311410	1.7249523	6.1332545	1
CGCGA	1980110	1.6395714	6.3270907	1
TCGAG	3092980	1.6258258	5.053353	7
CTCGA	3117290	1.6151814	8.231483	1
CTTCC	3165750	1.6071953	5.072367	1
CTGGA	3004770	1.579458	6.481081	1
CTCCA	3060185	1.5629283	6.783067	1
CGAGA	2947585	1.5587	5.166874	1
CGCCA	1898030	1.5491422	5.841471	1
CTTTT	7536475	1.5419563	6.222079	1
CGATC	2914690	1.5102069	5.2655964	4
ATCGA	4559410	1.5087175	5.602794	6
CTTCG	2857180	1.471575	6.1908574	1
CCGGC	1125480	1.4592294	5.365306	1
CGAAG	2747140	1.4527036	5.186766	1
CTCGT	2792145	1.4380791	7.1267514	1
CTCGC	1730440	1.4039301	6.44475	1
CTTCA	4254895	1.3795457	5.2883153	1
CTCGG	1625615	1.3380102	7.6273823	1
CGAAA	3930390	1.3083811	5.5565944	1
GAATC	3817645	1.2632661	5.2914367	4
CTTGG	2382760	1.2450246	5.6312795	1
CTTTG	3762105	1.230075	5.0668297	1
CTTGA	3639430	1.1971081	5.1307163	1
>>END_MODULE
