##FastQC	0.10.1
>>Basic Statistics	pass
#Measure	Value	
Filename	c1.2.fq	
File type	Conventional base calls	
Encoding	Sanger / Illumina 1.9	
Total Sequences	22408919	
Filtered Sequences	0	
Sequence length	50-90	
%GC	37	
>>END_MODULE
>>Per base sequence quality	pass
#Base	Mean	Median	Lower Quartile	Upper Quartile	10th Percentile	90th Percentile
1	37.01600260146417	39.0	37.0	39.0	33.0	39.0
2	36.992276200382534	39.0	37.0	39.0	33.0	39.0
3	36.97022627463645	39.0	37.0	39.0	33.0	39.0
4	38.119853840339196	40.0	38.0	41.0	33.0	41.0
5	38.11565377160763	40.0	37.0	41.0	33.0	41.0
6	38.1043567518808	40.0	37.0	41.0	33.0	41.0
7	38.05723466625052	40.0	37.0	41.0	33.0	41.0
8	38.074590300406726	40.0	37.0	41.0	33.0	41.0
9	38.09406254714919	40.0	37.0	41.0	33.0	41.0
10-14	37.92157705599275	39.6	37.0	41.0	33.0	41.0
15-19	38.00698115781488	39.8	37.0	41.0	33.0	41.0
20-24	37.78951520151419	39.0	37.0	41.0	33.0	41.0
25-29	37.66020717018969	39.0	37.0	40.8	32.4	41.0
30-34	37.39051187609719	39.0	36.0	40.0	31.6	41.0
35-39	37.09899094195485	38.6	35.4	40.0	31.0	41.0
40-44	36.39352597954412	37.8	34.6	39.6	30.6	40.6
45-49	36.65547591117626	38.0	35.0	40.0	31.0	41.0
50-54	36.174106554733136	37.6	34.2	40.0	30.2	41.0
55-59	35.57114585151734	36.4	34.0	39.2	29.2	41.0
60-64	34.9265796721495	35.4	33.2	38.6	29.0	40.0
65-69	34.24516655277499	35.0	33.0	37.2	29.0	39.4
70-74	33.60515391872122	35.0	32.0	36.0	28.8	38.4
75-79	33.02382017055503	34.0	32.0	35.0	27.4	36.8
80-84	32.612883565203255	34.0	31.0	35.0	27.0	36.0
85-89	32.52604427868336	34.0	31.0	35.0	27.0	35.2
90	32.6845343993021	34.0	31.0	35.0	29.0	35.0
>>END_MODULE
>>Per sequence quality scores	pass
#Quality	Count
23	1.0
24	19.0
25	411.0
26	4467.0
27	25227.0
28	94773.0
29	260376.0
30	551316.0
31	949695.0
32	1396582.0
33	1850805.0
34	2300747.0
35	2782970.0
36	3322094.0
37	3739612.0
38	3459643.0
39	1595133.0
40	75048.0
>>END_MODULE
>>Per base sequence content	warn
#Base	G	A	T	C
1	21.009701538927423	32.23438845934513	24.476713936981966	22.27919606474547
2	19.48605566559623	27.00128868521175	32.17625811474966	21.336397534442362
3	18.013655010637063	29.81299810249643	33.57035505107186	18.60299183579465
4	17.960663514468973	30.408570410099266	33.19954878674185	18.431217288689915
5	18.945383072213065	30.35864999144313	31.69769861476882	18.998268321574983
6	19.454452147254322	29.926332676598754	30.914660948687683	19.70455422745924
7	18.837285019702428	30.685976125393672	31.283443722440097	19.193295132463806
8	18.857599461071704	30.60490917053648	31.10937797175214	19.428113396639677
9	19.19023299432391	30.21406882037796	30.785658297155393	19.810039888142732
10-14	18.865370689240425	31.194833716002197	31.088640318019646	18.851155276737735
15-19	18.812431596948954	30.857431349591934	31.249441572456277	19.080695481002834
20-24	18.832413616178815	30.88776029457986	31.162068937695807	19.11775715154552
25-29	18.83657197490509	30.88532572117134	31.19331301040687	19.0847892935167
30-34	18.81049243629425	30.940659523592966	31.16816470115713	19.080683338955655
35-39	18.926835004688268	30.853754449023807	31.200275626145512	19.019134920142417
40-44	18.956919532973735	30.99920013024112	30.988180400587478	19.05569993619767
45-49	19.07425271333139	30.813306299801173	30.94524310293998	19.167197883927457
50-54	19.152814131186297	30.75117045207081	30.958822748863856	19.137192667879038
55-59	18.989174854721643	30.97020482760195	31.06356804555436	18.97705227212205
60-64	19.005415813632425	30.965446923814554	30.95186976303382	19.077267499519206
65-69	18.96366487066038	30.995544648611713	31.04381984259703	18.99697063813088
70-74	18.880621347088532	31.072628040980664	31.07421244680585	18.972538165124956
75-79	18.819075859196193	31.184225737237554	31.113721894174347	18.88297650939191
80-84	18.690901344156895	31.17551217755895	31.273959028661697	18.859627449622458
85-89	18.395307381177595	31.495426186149068	31.479974994011407	18.629291438661934
90	18.688076241403287	31.100358980261806	31.08887089387858	19.122693884456325
>>END_MODULE
>>Per base GC content	warn
#Base	%GC
1	43.28889760367289
2	40.822453200038595
3	36.61664684643171
4	36.39188080315889
5	37.943651393788045
6	39.15900637471356
7	38.03058015216623
8	38.28571285771138
9	39.00027288246664
10-14	37.71652596597816
15-19	37.89312707795179
20-24	37.95017076772433
25-29	37.92136126842179
30-34	37.891175775249906
35-39	37.945969924830685
40-44	38.012619469171405
45-49	38.24145059725885
50-54	38.29000679906534
55-59	37.96622712684369
60-64	38.08268331315163
65-69	37.960635508791256
70-74	37.85315951221349
75-79	37.7020523685881
80-84	37.55052879377936
85-89	37.024598819839525
90	37.81077012585962
>>END_MODULE
>>Per sequence GC content	warn
#GC Content	Count
0	215.0
1	233.5
2	315.5
3	565.5
4	1001.5
5	1758.0
6	2872.5
7	4450.0
8	6986.0
9	10778.0
10	13578.5
11	16862.0
12	23272.5
13	31019.0
14	41509.5
15	55821.0
16	72268.5
17	95728.5
18	127141.5
19	166057.0
20	191661.0
21	222572.5
22	282315.5
23	358141.0
24	449931.5
25	540831.5
26	626813.5
27	722137.0
28	797671.0
29	852198.0
30	888949.5
31	927878.5
32	973202.0
33	984521.5
34	999876.0
35	1004911.0
36	988836.0
37	968285.5
38	930647.0
39	888015.0
40	868119.0
41	828629.5
42	756794.0
43	696543.5
44	651876.0
45	620552.5
46	579368.5
47	535481.5
48	491878.5
49	461839.5
50	455499.0
51	437605.0
52	408929.0
53	366408.0
54	317369.5
55	282190.5
56	258099.0
57	234998.5
58	207521.0
59	189680.0
60	182189.5
61	166151.0
62	142252.5
63	122185.0
64	103878.0
65	86617.5
66	71031.5
67	61208.5
68	51785.0
69	44087.5
70	42236.5
71	38045.0
72	29303.0
73	21768.0
74	17997.0
75	15642.0
76	13181.5
77	10578.5
78	7887.5
79	5084.5
80	3132.5
81	1674.5
82	654.5
83	321.0
84	185.5
85	115.0
86	71.5
87	34.5
88	17.5
89	19.0
90	19.0
91	12.0
92	6.0
93	5.0
94	6.0
95	5.0
96	1.5
97	0.0
98	0.0
99	0.0
100	0.0
>>END_MODULE
>>Per base N content	pass
#Base	N-Count
1	0.0
2	1.4726279299773454E-4
3	8.925017757438456E-6
4	1.3387526636157683E-5
5	1.0710021308926146E-4
6	3.079131126316267E-4
7	2.231254439359614E-5
8	4.462508878719228E-6
9	1.785003551487691E-5
10-14	0.01005403250375442
15-19	6.0690120750581494E-5
20-24	2.6775053272315366E-6
25-29	3.213006392677844E-5
30-34	9.99601988833107E-5
35-39	6.426012785355688E-5
40-44	9.282018467735993E-5
45-49	3.837757635698536E-5
50-54	5.384542389549709E-5
55-59	3.164226607210089E-4
60-64	9.928613731226396E-5
65-69	1.6086997269979787E-5
70-74	2.708385292415461E-5
75-79	3.9688610701273834E-6
80-84	1.0237177487320616E-5
85-89	1.0695827199499265E-6
90	0.0
>>END_MODULE
>>Sequence Length Distribution	warn
#Length	Count
50	53009.0
51	64669.0
52	69253.0
53	69964.0
54	72556.0
55	74130.0
56	70549.0
57	74951.0
58	75823.0
59	75198.0
60	77541.0
61	75211.0
62	77779.0
63	83405.0
64	87059.0
65	83768.0
66	87067.0
67	88414.0
68	90601.0
69	92679.0
70	93195.0
71	93063.0
72	94004.0
73	103856.0
74	105915.0
75	104324.0
76	108475.0
77	115968.0
78	117062.0
79	121681.0
80	128788.0
81	135627.0
82	140912.0
83	151718.0
84	166917.0
85	179390.0
86	191444.0
87	204706.0
88	223231.0
89	457853.0
90	1.7827164E7
>>END_MODULE
>>Sequence Duplication Levels	fail
#Total Duplicate Percentage	70.0300017797666
#Duplication Level	Relative count
1	100.0
2	35.58289148108872
3	21.002474372569814
4	13.792859667727113
5	10.491339696005655
6	7.958996111700247
7	6.57051961823966
8	5.497348886532343
9	4.715447154471545
10++	77.17355956168257
>>END_MODULE
>>Overrepresented sequences	pass
>>END_MODULE
>>Kmer Content	pass
>>END_MODULE
