##FastQC	0.10.1
>>Basic Statistics	pass
#Measure	Value	
Filename	c1.1.fq	
File type	Conventional base calls	
Encoding	Sanger / Illumina 1.9	
Total Sequences	28103477	
Filtered Sequences	0	
Sequence length	100	
%GC	38	
>>END_MODULE
>>Per base sequence quality	pass
#Base	Mean	Median	Lower Quartile	Upper Quartile	10th Percentile	90th Percentile
1	31.62304397423849	31.0	31.0	34.0	30.0	34.0
2	31.78382361726985	31.0	31.0	34.0	30.0	34.0
3	31.861599616303707	31.0	31.0	34.0	30.0	34.0
4	35.4840085445655	37.0	35.0	37.0	33.0	37.0
5	35.483491028530025	37.0	35.0	37.0	33.0	37.0
6	35.50047376700043	37.0	35.0	37.0	33.0	37.0
7	35.554311126697954	37.0	35.0	37.0	33.0	37.0
8	35.47103723144293	37.0	35.0	37.0	33.0	37.0
9	37.040037003250525	39.0	37.0	39.0	33.0	39.0
10-14	37.17403520567935	39.2	37.0	39.4	33.0	39.4
15-19	37.94090322702774	40.0	37.0	41.0	33.0	41.0
20-24	37.689161465679135	39.2	36.8	41.0	32.0	41.0
25-29	37.21578899294205	39.0	36.0	40.2	31.2	41.0
30-34	37.19983729415403	39.0	36.0	40.0	31.0	41.0
35-39	36.74516978806572	38.6	35.4	40.0	30.0	41.0
40-44	36.12725637471833	38.0	34.6	40.0	29.0	41.0
45-49	35.72106046522286	38.0	34.0	40.0	27.6	41.0
50-54	35.3576724759004	37.8	33.4	40.0	27.0	41.0
55-59	34.712024650899956	37.0	32.6	40.0	26.0	41.0
60-64	34.14999364669361	35.8	32.0	39.0	26.0	40.8
65-69	33.131069376219884	35.0	31.0	38.4	23.8	40.0
70-74	32.06387398256806	34.2	30.0	37.4	22.2	39.6
75-79	30.711635040746028	33.8	28.8	35.8	19.8	39.0
80-84	30.049044692939596	33.8	29.0	35.2	17.4	37.4
85-89	28.997270287943373	33.0	27.8	35.0	9.8	36.2
90-94	27.722129414805153	32.4	26.0	34.8	2.0	35.4
95-99	25.834723112730853	31.6	23.4	34.0	2.0	35.0
100	24.55191676104704	31.0	18.0	34.0	2.0	35.0
>>END_MODULE
>>Per sequence quality scores	pass
#Quality	Count
13	37.0
14	490.0
15	3834.0
16	16622.0
17	45272.0
18	88935.0
19	140348.0
20	190573.0
21	234160.0
22	275991.0
23	325885.0
24	390676.0
25	472807.0
26	575799.0
27	696730.0
28	838680.0
29	999580.0
30	1180932.0
31	1392386.0
32	1634231.0
33	1942070.0
34	2335120.0
35	2855663.0
36	3476018.0
37	3901836.0
38	3234697.0
39	850675.0
40	3430.0
>>END_MODULE
>>Per base sequence content	fail
#Base	G	A	T	C
1	21.71425063130302	19.42467874283945	13.30062124844065	45.56044937741688
2	18.67491844479647	23.796011273670974	43.53725784432088	13.991812437211681
3	16.54491646316056	30.049987243431968	31.77039102706207	21.634705266345396
4	21.895757398908057	33.7964949988924	24.718156026728323	19.589591575471218
5	21.22192567133241	37.40154287670526	26.3548457011209	15.021685750841435
6	15.133458397336385	41.02642886501197	28.105187838501266	15.734924899150379
7	14.593767169806071	19.087100859441698	48.57666188422166	17.742470086530574
8	15.699626775718892	25.255487070158615	35.05383337442552	23.991052779696975
9	18.80529587139698	23.374260772074575	37.27456926415191	20.54587409237654
10-14	18.981378709830103	31.84095334538143	29.856444453474563	19.321223491313905
15-19	19.232159778663686	30.320524396322917	30.957810665207013	19.489505159806384
20-24	19.05722540439321	31.132414852858144	30.856536372526804	18.95382337022184
25-29	19.081448553156104	30.734792309325726	31.02646785450886	19.15729128300931
30-34	19.05060610895129	30.758914645192124	30.978868585901964	19.211610659954623
35-39	19.146182966118204	30.715975121923034	30.94404482254907	19.19379708940969
40-44	19.154547646190217	30.763498645844834	30.9232151137272	19.158738594237747
45-49	19.295652414452775	30.6664479890085	30.934287555868465	19.10361204067026
50-54	19.324692950446615	30.769288303858545	30.7419116199886	19.164107125706238
55-59	19.410299302111262	30.622826492252187	30.71526202967697	19.25161217595958
60-64	19.40754890904706	30.57263856301329	30.753362408028313	19.26645011991134
65-69	19.36680332096497	30.73217128893926	30.741296852372347	19.15972853772343
70-74	19.43587676175092	30.68213532957891	30.575104442061868	19.306883466608305
75-79	19.418300507541673	30.69237044977054	30.60833052109026	19.280998521597528
80-84	19.437961911392502	30.697659424179985	30.518102943092185	19.346275721335328
85-89	19.481752004082114	30.72416531482265	30.463175425896427	19.33090725519881
90-94	19.475009195673646	30.629323964589496	30.496358003690453	19.39930883604641
95-99	19.457912487169455	30.813223357615843	30.458073954945913	19.27079020026879
100	19.601314812398478	30.363413751259323	30.32016287522003	19.715108561122168
>>END_MODULE
>>Per base GC content	fail
#Base	%GC
1	67.2747000087199
2	32.66673088200815
3	38.17962172950596
4	41.48534897437928
5	36.24361142217385
6	30.86838329648677
7	32.336237256336645
8	39.69067955541586
9	39.35116996377352
10-14	38.30260220114401
15-19	38.72166493847007
20-24	38.01104877461505
25-29	38.238739836165415
30-34	38.26221676890591
35-39	38.33998005552789
40-44	38.31328624042796
45-49	38.39926445512303
50-54	38.488800076152856
55-59	38.66191147807084
60-64	38.6739990289584
65-69	38.526531858688394
70-74	38.742760228359224
75-79	38.699299029139205
80-84	38.78423763272783
85-89	38.81265925928092
90-94	38.87431803172005
95-99	38.72870268743824
100	39.31642337352065
>>END_MODULE
>>Per sequence GC content	warn
#GC Content	Count
0	52.0
1	74.0
2	133.0
3	246.5
4	423.5
5	775.5
6	1395.0
7	2316.5
8	3665.5
9	5715.5
10	8603.0
11	12483.5
12	18092.5
13	24668.5
14	32700.5
15	43396.5
16	56021.0
17	73747.5
18	96800.5
19	124826.5
20	160243.0
21	206717.5
22	264872.5
23	333545.5
24	415024.0
25	503011.0
26	600741.5
27	702162.5
28	792074.5
29	861628.5
30	932901.0
31	1008782.5
32	1048391.0
33	1059291.5
34	1069671.0
35	1092206.5
36	1117328.0
37	1105150.5
38	1047855.5
39	999940.0
40	959659.0
41	891700.5
42	823023.5
43	778894.0
44	738957.5
45	694893.0
46	661685.5
47	616547.0
48	562116.5
49	521246.0
50	495481.5
51	474557.5
52	453247.0
53	432038.5
54	387086.0
55	339935.5
56	306336.0
57	277892.0
58	255778.0
59	235551.0
60	206521.5
61	169938.0
62	143239.5
63	125027.0
64	116013.0
65	105846.0
66	86401.5
67	69351.5
68	60667.0
69	56912.0
70	49397.0
71	40298.5
72	31598.0
73	23201.0
74	20695.0
75	17713.0
76	13844.0
77	11551.0
78	8302.0
79	5115.0
80	3126.5
81	2105.5
82	1263.5
83	571.0
84	253.0
85	119.5
86	53.0
87	27.0
88	15.5
89	9.0
90	5.0
91	3.0
92	1.5
93	0.0
94	0.0
95	0.0
96	0.0
97	2.5
98	5.0
99	6.0
100	4.0
>>END_MODULE
>>Per base N content	pass
#Base	N-Count
1	0.024292367809150447
2	4.269934286067165E-4
3	0.0010923915215188499
4	0.007835329414933248
5	0.0
6	0.0
7	0.0
8	0.0
9	0.0
10-14	0.0
15-19	0.0
20-24	5.743061614760337E-4
25-29	2.0709181287425753E-4
30-34	1.700857157283421E-4
35-39	1.8076055144351E-4
40-44	1.8004889572916546E-4
45-49	4.1276031431982596E-5
50-54	7.116557143445276E-7
55-59	0.0
60-64	1.658157814422749E-4
65-69	2.4196294287713935E-5
70-74	2.84662285737811E-6
75-79	6.013490786211258E-4
80-84	2.84662285737811E-5
85-89	4.554596571804976E-5
90-94	1.5585260144145154E-4
95-99	1.3094465143939307E-4
100	0.0
>>END_MODULE
>>Sequence Length Distribution	pass
#Length	Count
100	2.8103477E7
>>END_MODULE
>>Sequence Duplication Levels	fail
#Total Duplicate Percentage	74.55715382859042
#Duplication Level	Relative count
1	100.0
2	40.3782143323326
3	24.546403863725363
4	16.515467954575122
5	12.553844145672889
6	9.507570813209764
7	8.04888395770787
8	6.306291606839838
9	5.718900926771962
10++	102.75257799242918
>>END_MODULE
>>Overrepresented sequences	pass
>>END_MODULE
>>Kmer Content	warn
#Sequence	Count	Obs/Exp Overall	Obs/Exp Max	Max Obs/Exp Position
AAAAA	17612850	2.4612916	5.627038	2
TTTTT	18238815	2.4355865	5.368447	2
CGCCG	1500515	2.0473866	5.169162	1
CGAGG	2310320	2.0353503	5.255899	1
CGACG	2270395	1.9742503	7.690427	1
CGGCG	1403720	1.940467	5.018669	1
CGCGG	1314995	1.8178158	5.4633865	1
CTTCT	5155865	1.726301	5.3185143	1
CGCGA	1917735	1.6675905	5.749762	1
CTCGA	2993140	1.6223985	8.916385	1
CTTCC	3017820	1.599972	5.109166	1
CGAGA	2842645	1.5753051	5.667679	1
CGATC	2864625	1.5527384	5.0600414	4
CTTTT	7310610	1.5458401	6.878051	1
CAAAA	7038325	1.5433394	5.001354	1
ATCGA	4406535	1.5221907	5.2934513	6
CGAAG	2723835	1.5094644	5.3611455	1
CTGGA	2740100	1.504746	7.0176306	1
CTTCG	2777120	1.4916945	6.5411234	1
CTCCA	2726415	1.4586674	6.3711386	1
CTCGT	2692150	1.446054	7.7610393	1
CTCGC	1652610	1.4055932	6.5076613	1
CTCGG	1621595	1.3973265	8.031322	1
CTGGC	1583810	1.3647672	5.7010756	1
CGAAA	3893485	1.3572369	5.7981725	1
CTTCA	3909180	1.320827	5.4484916	1
GAATC	3676725	1.2700856	5.2660165	4
CTTGG	2324260	1.2648418	6.542103	1
CTTGA	3583705	1.2267575	5.9590635	1
CTTTG	3603775	1.222472	5.3264656	1
>>END_MODULE
