##FastQC	0.10.1
>>Basic Statistics	pass
#Measure	Value	
Filename	t4.2.fq	
File type	Conventional base calls	
Encoding	Sanger / Illumina 1.9	
Total Sequences	24513264	
Filtered Sequences	0	
Sequence length	50-90	
%GC	37	
>>END_MODULE
>>Per base sequence quality	pass
#Base	Mean	Median	Lower Quartile	Upper Quartile	10th Percentile	90th Percentile
1	37.021452957060305	39.0	37.0	39.0	33.0	39.0
2	36.99442383519388	39.0	37.0	39.0	33.0	39.0
3	36.97303720956948	39.0	37.0	39.0	33.0	39.0
4	38.125671881149735	40.0	38.0	41.0	33.0	41.0
5	38.12012859650188	40.0	37.0	41.0	33.0	41.0
6	38.111671583188595	40.0	37.0	41.0	33.0	41.0
7	38.06402978403855	40.0	37.0	41.0	33.0	41.0
8	38.08120929958573	40.0	37.0	41.0	33.0	41.0
9	38.09659427647008	40.0	37.0	41.0	33.0	41.0
10-14	37.92775925719235	39.6	37.0	41.0	33.0	41.0
15-19	38.01469832821937	40.0	37.0	41.0	33.0	41.0
20-24	37.79543936703003	39.0	37.0	41.0	33.0	41.0
25-29	37.66518404077074	39.0	37.0	41.0	32.6	41.0
30-34	37.39948491559508	39.0	36.0	40.0	31.6	41.0
35-39	37.115019321784324	38.8	35.4	40.0	31.0	41.0
40-44	36.41685220703371	37.8	34.6	39.6	30.6	40.6
45-49	36.683125062415186	38.0	35.0	40.0	31.0	41.0
50-54	36.203599536803516	37.6	34.2	40.0	30.2	41.0
55-59	35.60346778722672	36.4	34.0	39.2	29.6	41.0
60-64	34.95412168244489	35.4	33.2	38.6	29.0	40.0
65-69	34.26719835493985	35.0	33.0	37.2	29.0	39.4
70-74	33.617085455535864	35.0	32.0	36.0	28.8	38.4
75-79	33.03098864833241	34.0	32.0	35.2	27.6	36.8
80-84	32.61429181736254	34.0	31.2	35.0	27.0	36.0
85-89	32.52629858051597	34.0	31.0	35.0	27.0	35.2
90	32.68092945097725	34.0	31.0	35.0	29.0	35.0
>>END_MODULE
>>Per sequence quality scores	pass
#Quality	Count
23	2.0
24	28.0
25	552.0
26	5033.0
27	27782.0
28	105014.0
29	285769.0
30	602921.0
31	1033514.0
32	1518556.0
33	2005996.0
34	2487437.0
35	3018432.0
36	3632482.0
37	4123647.0
38	3839939.0
39	1751330.0
40	74830.0
>>END_MODULE
>>Per base sequence content	warn
#Base	G	A	T	C
1	21.094624526542038	32.261391220687706	24.381179919573338	22.262804333196918
2	19.32595633400901	27.150636560624697	32.0598938882731	21.463513217093194
3	17.976912417701698	29.83865796084928	33.6785178832162	18.505911738232818
4	17.913517010793342	30.456434599070054	33.115366948337346	18.514681441799254
5	18.843905923454397	30.397108010653838	31.638927224196895	19.120058841694874
6	19.460056336207938	29.980997574897135	30.810188002074153	19.748758086820782
7	18.967491753543808	30.680549712345446	31.063028466596666	19.28893006751408
8	18.998453245557183	30.573574371817642	31.023155463915376	19.404816918709805
9	19.227811491273112	30.162390049827316	30.721479225348336	19.88831923355124
10-14	18.893854780786175	31.249391849799586	30.986455548005416	18.870297821408823
15-19	18.748770613901844	30.926017116211963	31.24242802392877	19.08278424595742
20-24	18.81946356957864	30.904641295612095	31.14952750272373	19.126367632085536
25-29	18.85437863362606	30.92954234587473	31.17050015195045	19.045578868548763
30-34	18.822029746830207	30.945139346000133	31.155619882877662	19.077211024291998
35-39	18.921786182469845	30.859886987156315	31.154771600004782	19.063555230369055
40-44	18.937772317145534	30.988041645089893	30.971511801092944	19.10267423667163
45-49	19.07341768541349	30.81803940320548	30.929096056703102	19.179446854677934
50-54	19.07428254337506	30.79419803044913	30.98713732562892	19.144382100546885
55-59	18.951488346991432	31.008795353035772	31.037002841146492	19.0027134588263
60-64	18.9907725842892	30.991859085612873	30.97843260945854	19.03893572063939
65-69	18.9363515982725	30.99567512455035	31.05139625744222	19.01657701973493
70-74	18.846718125778676	31.129249203265335	31.07201470432484	18.95201796663115
75-79	18.805274362862054	31.17976535920205	31.128206688362653	18.886753589573242
80-84	18.67105950368131	31.245202056322935	31.26046976134451	18.823268678651246
85-89	18.39527995777985	31.490805867418725	31.45944359379299	18.654470581008432
90	18.71744585926631	31.146185119760588	31.007937426951575	19.128431594021528
>>END_MODULE
>>Per base GC content	warn
#Base	%GC
1	43.35742885973895
2	40.7894695511022
3	36.482824155934516
4	36.428198452592596
5	37.963964765149264
6	39.20881442302871
7	38.25642182105789
8	38.403270164266985
9	39.11613072482435
10-14	37.764152602195
15-19	37.83155485985927
20-24	37.94583120166418
25-29	37.89995750217482
30-34	37.89924077112221
35-39	37.9853414128389
40-44	38.04044655381716
45-49	38.252864540091416
50-54	38.21866464392195
55-59	37.95420180581773
60-64	38.02970830492859
65-69	37.952928618007434
70-74	37.798736092409825
75-79	37.692027952435296
80-84	37.49432818233255
85-89	37.04975053878828
90	37.845877453287834
>>END_MODULE
>>Per sequence GC content	warn
#GC Content	Count
0	218.0
1	227.5
2	310.0
3	551.0
4	939.5
5	1663.5
6	2939.0
7	4469.5
8	6640.5
9	10182.0
10	12888.5
11	16095.0
12	22290.0
13	29526.0
14	39353.0
15	53181.0
16	69052.0
17	91719.0
18	123434.5
19	163753.5
20	190377.5
21	223605.0
22	286941.0
23	369415.5
24	470855.5
25	573023.5
26	674352.5
27	785306.5
28	878057.5
29	948090.0
30	991474.0
31	1037360.0
32	1098192.5
33	1119944.0
34	1142830.0
35	1152241.5
36	1124278.0
37	1093936.5
38	1043207.0
39	981284.5
40	954409.5
41	917082.5
42	843354.5
43	777340.0
44	725159.0
45	677590.5
46	624749.5
47	576929.5
48	535951.5
49	503157.5
50	488151.5
51	465284.5
52	430867.5
53	393036.0
54	352017.0
55	314028.0
56	276632.0
57	241767.0
58	207376.0
59	182434.5
60	170531.0
61	152894.5
62	133775.5
63	116450.0
64	97071.0
65	84681.0
66	73573.5
67	64820.0
68	55299.5
69	45433.5
70	41573.0
71	39088.5
72	35414.5
73	30036.5
74	26509.5
75	27424.0
76	25175.0
77	19160.0
78	12921.5
79	7725.5
80	4878.0
81	2692.0
82	1046.5
83	475.5
84	229.5
85	129.0
86	73.0
87	42.0
88	26.5
89	20.5
90	16.5
91	9.0
92	4.0
93	2.0
94	1.5
95	0.5
96	0.0
97	0.0
98	0.0
99	0.0
100	0.0
>>END_MODULE
>>Per base N content	pass
#Base	N-Count
1	0.0
2	1.835740846261844E-4
3	0.0
4	1.6317696411216393E-5
5	1.3870041949533933E-4
6	3.1411565591591556E-4
7	2.8555968719628687E-5
8	0.0
9	4.079424102804098E-6
10-14	0.010037830947359763
15-19	5.303251333645328E-5
20-24	4.079424102804098E-6
25-29	3.916247138691935E-5
30-34	9.627440882617672E-5
35-39	6.037547672150066E-5
40-44	1.0606502667290655E-4
45-49	3.916247138691935E-5
50-54	5.9067786289992706E-5
55-59	3.37598454962749E-4
60-64	7.887942497883064E-5
65-69	8.650199961482389E-6
70-74	2.5644274822795848E-5
75-79	5.442409672598785E-6
80-84	1.2164754911489383E-5
85-89	9.775355583691418E-7
90	0.0
>>END_MODULE
>>Sequence Length Distribution	warn
#Length	Count
50	57874.0
51	70814.0
52	75789.0
53	76952.0
54	78898.0
55	81082.0
56	77325.0
57	80432.0
58	82514.0
59	81927.0
60	84261.0
61	82488.0
62	85183.0
63	91943.0
64	95474.0
65	91744.0
66	96175.0
67	96787.0
68	98201.0
69	102624.0
70	102719.0
71	102450.0
72	103129.0
73	113731.0
74	115253.0
75	113613.0
76	118812.0
77	127249.0
78	126805.0
79	132276.0
80	140713.0
81	147929.0
82	153112.0
83	164730.0
84	182765.0
85	195856.0
86	209217.0
87	222543.0
88	243225.0
89	500187.0
90	1.9508463E7
>>END_MODULE
>>Sequence Duplication Levels	fail
#Total Duplicate Percentage	71.15205415924447
#Duplication Level	Relative count
1	100.0
2	35.50180288461539
3	21.553485576923077
4	14.535757211538462
5	11.060697115384615
6	8.727463942307692
7	7.115384615384615
8	5.990084134615385
9	5.181790865384615
10++	90.81430288461539
>>END_MODULE
>>Overrepresented sequences	pass
>>END_MODULE
>>Kmer Content	pass
>>END_MODULE
