##FastQC	0.10.1
>>Basic Statistics	pass
#Measure	Value	
Filename	c3.2.fq	
File type	Conventional base calls	
Encoding	Sanger / Illumina 1.9	
Total Sequences	19628854	
Filtered Sequences	0	
Sequence length	50-90	
%GC	37	
>>END_MODULE
>>Per base sequence quality	pass
#Base	Mean	Median	Lower Quartile	Upper Quartile	10th Percentile	90th Percentile
1	36.99379194526588	39.0	37.0	39.0	33.0	39.0
2	36.96619211697229	39.0	37.0	39.0	33.0	39.0
3	36.94711148190312	39.0	37.0	39.0	33.0	39.0
4	38.09321613987245	40.0	37.0	41.0	33.0	41.0
5	38.08888201012652	40.0	37.0	41.0	33.0	41.0
6	38.07743793906664	40.0	37.0	41.0	33.0	41.0
7	38.03403734115094	40.0	37.0	41.0	33.0	41.0
8	38.05113426387501	40.0	37.0	41.0	33.0	41.0
9	38.06965546740528	40.0	37.0	41.0	33.0	41.0
10-14	37.902892537689674	39.4	37.0	41.0	33.0	41.0
15-19	37.98526365319137	39.8	37.0	41.0	33.0	41.0
20-24	37.771435561138716	39.0	37.0	41.0	33.0	41.0
25-29	37.645080838647026	39.0	36.8	40.8	32.4	41.0
30-34	37.38639746365223	39.0	36.0	40.0	31.6	41.0
35-39	37.10574512398941	38.8	35.4	40.0	31.0	41.0
40-44	36.41364051105582	37.8	34.6	39.6	30.6	40.6
45-49	36.6907408960299	38.0	35.0	40.0	31.0	41.0
50-54	36.2220292424059	37.6	34.2	40.0	30.2	41.0
55-59	35.62468876542822	36.4	34.0	39.4	29.6	41.0
60-64	34.97366693363497	35.4	33.2	38.6	29.0	40.0
65-69	34.286843911370994	35.0	33.0	37.2	29.0	39.4
70-74	33.633589302781765	35.0	32.0	36.0	28.8	38.4
75-79	33.044708235701535	34.0	32.0	35.2	27.6	36.8
80-84	32.625003757863055	34.0	31.2	35.0	27.0	36.0
85-89	32.538186600162106	34.0	31.0	35.0	27.0	35.2
90	32.689059455511796	34.0	31.0	35.0	29.0	35.0
>>END_MODULE
>>Per sequence quality scores	pass
#Quality	Count
24	17.0
25	409.0
26	3890.0
27	21901.0
28	83055.0
29	228794.0
30	482893.0
31	831293.0
32	1222926.0
33	1611924.0
34	2000257.0
35	2412008.0
36	2892639.0
37	3287157.0
38	3078630.0
39	1404437.0
40	66624.0
>>END_MODULE
>>Per base sequence content	warn
#Base	G	A	T	C
1	20.86039765744857	32.59589683636141	24.50135397614145	22.04235153004857
2	19.174295123926292	27.428969822666225	32.269692423965694	21.12704262944178
3	17.813003022285766	30.133764317953997	33.82821369278244	18.225018966977792
4	17.648826329731357	30.693277426514804	33.3790279737195	18.278868270034334
5	18.60425070760727	30.656189015074055	31.94911911695585	18.790441160362825
6	19.164698299253118	30.222253151850232	31.117392474767165	19.49565607412949
7	18.69830600901642	30.888381506550587	31.397147861874558	19.016164622558435
8	18.651674723343504	30.909858517466176	31.26116787052367	19.177298888666652
9	18.914519300466477	30.504147669970717	30.9923983328215	19.588934696741305
10-14	18.59831489320907	31.501651936007207	31.282052421251183	18.61798074953254
15-19	18.502443949497053	31.1877237224369	31.486784656370926	18.82304767169512
20-24	18.549111803452444	31.187896780686163	31.40194188416587	18.861049531695524
25-29	18.592475466414555	31.198980447511964	31.44191371564602	18.76663037042746
30-34	18.53273196095039	31.21793231939039	31.451722033321566	18.797613686337655
35-39	18.677783952591074	31.101734388469016	31.474692681335544	18.745788977604366
40-44	18.642475552705147	31.28780559933694	31.256630040828092	18.81308880712982
45-49	18.759738855366685	31.133634401792776	31.209789665279775	18.896837077560765
50-54	18.80724194271194	31.069960546817537	31.264694900231476	18.85810261023904
55-59	18.682429332368923	31.251066729251587	31.32546422984704	18.741039708532455
60-64	18.697199451933127	31.255343731989694	31.290771473312752	18.75668534276443
65-69	18.664793522734897	31.277459261220912	31.334898015284306	18.72284920075988
70-74	18.57423476436445	31.392119905209242	31.37009981648674	18.66354551393956
75-79	18.50900947800235	31.4582770879413	31.426209425570224	18.60650400848612
80-84	18.375421833646406	31.513222579713002	31.548799478057465	18.562556108583127
85-89	18.107124446953023	31.75696272873829	31.756628291269013	18.37928453303967
90	18.386176910444693	31.42714487638524	31.34581293448577	18.840865278684294
>>END_MODULE
>>Per base GC content	warn
#Base	%GC
1	42.90274918749714
2	40.301337753368074
3	36.038021989263555
4	35.927694599765694
5	37.394691867970096
6	38.6603543733826
7	37.714470631574855
8	37.82897361201016
9	38.503453997207785
10-14	37.216295642741606
15-19	37.32549162119218
20-24	37.41016133514797
25-29	37.35910583684201
30-34	37.33034564728804
35-39	37.42357293019544
40-44	37.455564359834966
45-49	37.65657593292745
50-54	37.66534455295098
55-59	37.423469040901374
60-64	37.45388479469756
65-69	37.38764272349478
70-74	37.23778027830401
75-79	37.115513486488474
80-84	36.93797794222953
85-89	36.486408979992696
90	37.22704218912899
>>END_MODULE
>>Per sequence GC content	warn
#GC Content	Count
0	227.0
1	236.5
2	327.0
3	583.5
4	1013.0
5	1682.5
6	2775.0
7	4295.5
8	6735.0
9	10618.0
10	13471.0
11	16631.5
12	22916.5
13	30781.0
14	41221.0
15	55350.5
16	71902.5
17	94897.0
18	124650.5
19	160921.5
20	184559.0
21	211821.0
22	265647.5
23	334776.5
24	414855.0
25	492686.5
26	566285.0
27	650041.5
28	720494.0
29	766427.5
30	794908.0
31	829963.0
32	875723.0
33	891495.5
34	907495.5
35	912549.0
36	897434.0
37	872439.5
38	830137.5
39	788571.0
40	768144.5
41	731846.5
42	667036.0
43	611270.5
44	564993.0
45	526747.5
46	483861.0
47	441846.5
48	404657.0
49	374438.5
50	360527.0
51	340546.5
52	313439.5
53	286635.5
54	255925.0
55	228483.5
56	204350.0
57	182676.0
58	159610.0
59	141975.0
60	133559.5
61	121327.0
62	107474.0
63	94445.0
64	79227.5
65	67584.5
66	57251.5
67	49745.5
68	41623.0
69	33862.5
70	30895.0
71	28831.5
72	25711.5
73	21645.5
74	18395.5
75	16526.5
76	14710.0
77	12643.5
78	9727.0
79	6294.5
80	3950.5
81	2124.0
82	781.0
83	364.0
84	189.0
85	126.0
86	80.0
87	37.5
88	21.5
89	19.5
90	14.0
91	8.5
92	4.0
93	3.0
94	3.5
95	2.0
96	1.0
97	0.5
98	0.0
99	0.0
100	0.0
>>END_MODULE
>>Per base N content	pass
#Base	N-Count
1	0.0
2	2.49632505290426E-4
3	1.0189081848588818E-5
4	1.0189081848588818E-5
5	1.4264714588024344E-4
6	3.36239701003431E-4
7	5.094540924294409E-6
8	0.0
9	1.0189081848588818E-5
10-14	0.009901749740458612
15-19	5.807776653695626E-5
20-24	2.037816369717763E-6
25-29	3.4642878285201977E-5
30-34	9.068282845244048E-5
35-39	5.298322561266185E-5
40-44	7.947483841899277E-5
45-49	3.668069465491974E-5
50-54	4.302931103393247E-5
55-59	3.4251821075108026E-4
60-64	7.945571268882094E-5
65-69	2.0528113597308163E-5
70-74	2.5403115411566474E-5
75-79	4.531730919322569E-6
80-84	9.349116714735344E-6
85-89	1.2205746905049787E-6
90	0.0
>>END_MODULE
>>Sequence Length Distribution	warn
#Length	Count
50	46027.0
51	56257.0
52	60914.0
53	61679.0
54	64347.0
55	65531.0
56	61935.0
57	65317.0
58	66300.0
59	66255.0
60	67834.0
61	66233.0
62	67775.0
63	73669.0
64	76228.0
65	73562.0
66	76474.0
67	77009.0
68	79081.0
69	81429.0
70	82864.0
71	82126.0
72	82842.0
73	91396.0
74	91421.0
75	91442.0
76	95294.0
77	100995.0
78	101611.0
79	105342.0
80	111953.0
81	118141.0
82	122507.0
83	131495.0
84	144854.0
85	155391.0
86	167439.0
87	178343.0
88	194388.0
89	399067.0
90	1.5626087E7
>>END_MODULE
>>Sequence Duplication Levels	fail
#Total Duplicate Percentage	67.17459456859649
#Duplication Level	Relative count
1	100.0
2	34.28750299704292
3	19.6859099022298
4	13.25625382955484
5	9.593201374643685
6	7.392705863547966
7	6.14593600980366
8	4.972427205157578
9	4.315741801422597
10++	66.75413591922636
>>END_MODULE
>>Overrepresented sequences	pass
>>END_MODULE
>>Kmer Content	pass
>>END_MODULE
