##FastQC	0.10.1
>>Basic Statistics	pass
#Measure	Value	
Filename	c1.1.fq	
File type	Conventional base calls	
Encoding	Sanger / Illumina 1.9	
Total Sequences	22408919	
Filtered Sequences	0	
Sequence length	50-90	
%GC	37	
>>END_MODULE
>>Per base sequence quality	pass
#Base	Mean	Median	Lower Quartile	Upper Quartile	10th Percentile	90th Percentile
1	37.60490004002424	39.0	37.0	39.0	35.0	39.0
2	37.5368777048103	39.0	37.0	39.0	35.0	39.0
3	37.54018799389654	39.0	37.0	39.0	35.0	39.0
4	38.84324429036492	40.0	38.0	41.0	35.0	41.0
5	38.81666219597652	40.0	38.0	41.0	35.0	41.0
6	38.76088279849644	40.0	38.0	41.0	35.0	41.0
7	38.73104284950113	40.0	38.0	41.0	35.0	41.0
8	38.6812978350272	40.0	38.0	41.0	35.0	41.0
9	38.70481034805829	40.0	38.0	41.0	35.0	41.0
10-14	38.544917325106134	40.0	38.0	41.0	34.0	41.0
15-19	38.263990583392264	40.0	37.8	41.0	34.0	41.0
20-24	38.31897710906983	40.0	38.0	41.0	34.0	41.0
25-29	38.04523904075872	39.6	37.2	41.0	33.2	41.0
30-34	37.614142520663314	39.0	36.4	40.4	32.6	41.0
35-39	37.34103796796266	39.0	36.0	40.0	32.0	41.0
40-44	37.059250800986874	38.6	35.2	40.0	31.2	41.0
45-49	36.42358636755303	38.0	34.4	40.0	30.4	41.0
50-54	35.827472409435714	37.0	34.0	40.0	29.4	41.0
55-59	35.137859601595025	36.0	33.2	39.0	28.6	40.4
60-64	34.449456046015214	35.0	32.6	38.2	28.0	40.0
65-69	33.592706748082385	34.6	31.6	36.2	27.6	39.2
70-74	33.38229972632392	34.4	32.0	36.0	27.6	38.2
75-79	32.828209954391475	34.0	31.2	35.0	27.0	36.6
80-84	32.39185528507754	34.0	31.0	35.0	26.8	36.0
85-89	32.118857758800225	34.0	31.0	35.0	26.0	35.0
90	32.29717245200472	34.0	31.0	35.0	27.0	35.0
>>END_MODULE
>>Per sequence quality scores	pass
#Quality	Count
24	2.0
25	116.0
26	1646.0
27	11677.0
28	53205.0
29	170074.0
30	408161.0
31	793880.0
32	1306609.0
33	1896672.0
34	2485804.0
35	3035650.0
36	3511382.0
37	3782835.0
38	3373092.0
39	1504658.0
40	73456.0
>>END_MODULE
>>Per base sequence content	warn
#Base	G	A	T	C
1	20.975474095827646	32.51539264343809	24.410061904369417	22.099071356364846
2	19.467458470442057	27.15633449342202	32.194734605448836	21.181472430687084
3	17.94052626991958	29.997234583247856	33.66518483109337	18.39705431573919
4	17.83753602750762	30.54340996993206	33.26877124237898	18.350282760181337
5	18.915571072393096	30.4286342415714	31.746783501694125	18.909011184341377
6	19.426256125964844	30.08784582603025	30.963599805952263	19.522298242052642
7	18.875462042591167	30.759132111638227	31.260624396919816	19.10478144885079
8	18.833898234894775	30.731812632282708	31.116289009746524	19.318000123075997
9	19.205973300184628	30.335979169722556	30.81546682372318	19.64258070636964
10-14	18.865808742383898	31.29981556799081	31.07488984157747	18.759485848047824
15-19	18.831584145862497	30.932820373288155	31.258552286779672	18.977043194069676
20-24	18.799733770283176	30.973680550329462	31.207690952188038	19.018894727199328
25-29	18.85642230220922	30.935663607869706	31.208467485647123	18.99944660427395
30-34	18.83035946535395	31.00704500739192	31.18676273496281	18.97583279229132
35-39	18.94895153130769	30.92091858603264	31.214122376898235	18.916007505761435
40-44	18.959632100058016	31.038249546977255	31.025983002571433	18.976135350393296
45-49	19.085922886329325	30.886832158213434	30.95680875994063	19.070436195516617
50-54	19.161897834639962	30.806124460184837	30.964294169814803	19.0676835353604
55-59	19.03094729930155	31.00309994855095	31.042183814823503	18.923768937324
60-64	19.01998238423643	30.999933645974643	30.95369818355645	19.026385786232474
65-69	18.923642156715918	31.037484161546423	31.088200077377397	18.950673604360254
70-74	18.852107218614535	31.09346791308018	31.109491458322978	18.944933409982305
75-79	18.773889582013815	31.184155548834962	31.19737387166721	18.844580997484012
80-84	18.579752304486437	31.19365471495017	31.408592860501233	18.81800012006216
85-89	18.20555123575304	31.524707829667616	31.69232468919745	18.577416245381897
90	18.412839756689596	31.180615519673026	31.415357050341076	18.9911876732963
>>END_MODULE
>>Per base GC content	pass
#Base	%GC
1	43.074545452192496
2	40.64893090112914
3	36.33758058565878
4	36.18781878768896
5	37.82458225673447
6	38.94855436801748
7	37.98024349144195
8	38.15189835797077
9	38.84855400655427
10-14	37.62529459043172
15-19	37.80862733993217
20-24	37.81862849748251
25-29	37.855868906483174
30-34	37.80619225764527
35-39	37.86495903706913
40-44	37.935767450451316
45-49	38.156359081845935
50-54	38.22958137000036
55-59	37.95471623662554
60-64	38.04636817046891
65-69	37.87431576107617
70-74	37.79704062859684
75-79	37.618470579497824
80-84	37.3977524245486
85-89	36.78296748113494
90	37.404027429985895
>>END_MODULE
>>Per sequence GC content	warn
#GC Content	Count
0	216.0
1	263.0
2	401.0
3	711.5
4	1195.0
5	2080.5
6	3423.0
7	5182.0
8	8040.5
9	12253.0
10	15371.0
11	19050.5
12	25918.5
13	34307.5
14	45528.5
15	60707.5
16	78114.5
17	102427.0
18	134864.5
19	174336.0
20	201084.5
21	233943.5
22	294542.5
23	370658.5
24	461317.5
25	550944.5
26	636653.5
27	731004.0
28	806410.0
29	860227.5
30	897756.0
31	936776.0
32	981364.0
33	992729.0
34	1005792.0
35	1008299.0
36	990626.5
37	971558.0
38	937211.0
39	892714.0
40	869156.5
41	829168.5
42	756453.0
43	695666.5
44	651379.0
45	620527.0
46	580570.5
47	536867.0
48	494563.0
49	466546.5
50	458714.5
51	438738.0
52	409720.5
53	368556.0
54	320004.5
55	284884.5
56	260904.5
57	238608.0
58	212332.0
59	192982.5
60	182708.5
61	165772.5
62	143654.5
63	124396.5
64	105675.5
65	88797.0
66	72694.5
67	62522.5
68	53434.0
69	45916.0
70	44248.0
71	39446.0
72	30254.0
73	22646.0
74	18865.0
75	16688.5
76	14530.0
77	12256.5
78	9412.0
79	5995.5
80	3396.0
81	1740.5
82	744.5
83	349.0
84	172.0
85	117.0
86	87.5
87	55.0
88	38.5
89	33.0
90	25.0
91	18.0
92	10.5
93	6.5
94	6.5
95	4.0
96	0.5
97	0.0
98	0.0
99	0.0
100	0.0
>>END_MODULE
>>Per base N content	pass
#Base	N-Count
1	0.0
2	0.0
3	0.0
4	0.0
5	0.0
6	0.0
7	0.0
8	0.0
9	0.0
10-14	4.730259411442382E-5
15-19	8.925017757438455E-7
20-24	2.6775053272315366E-6
25-29	0.0
30-34	0.0
35-39	0.0
40-44	0.0
45-49	0.0
50-54	3.502288929910371E-5
55-59	0.0
60-64	0.0
65-69	2.882841079090082E-5
70-74	0.0
75-79	0.0
80-84	2.11675168282288E-6
85-89	0.0
90	0.0
>>END_MODULE
>>Sequence Length Distribution	warn
#Length	Count
50	60430.0
51	76055.0
52	71885.0
53	75193.0
54	76457.0
55	87221.0
56	91157.0
57	94914.0
58	93078.0
59	95002.0
60	98912.0
61	103869.0
62	107462.0
63	119153.0
64	119227.0
65	117345.0
66	110142.0
67	109376.0
68	111953.0
69	111615.0
70	108068.0
71	109520.0
72	109674.0
73	117498.0
74	121796.0
75	126255.0
76	127434.0
77	133219.0
78	140711.0
79	149203.0
80	154589.0
81	168237.0
82	182538.0
83	202938.0
84	220440.0
85	245568.0
86	261751.0
87	279757.0
88	283480.0
89	559157.0
90	1.667664E7
>>END_MODULE
>>Sequence Duplication Levels	fail
#Total Duplicate Percentage	69.2915530175697
#Duplication Level	Relative count
1	100.0
2	35.21138470492053
3	20.574500810619814
4	13.417489988498899
5	9.987944628431277
6	7.70712375462469
7	6.428145828425735
8	5.334848337882966
9	4.549170673576565
10++	73.92436986434242
>>END_MODULE
>>Overrepresented sequences	pass
>>END_MODULE
>>Kmer Content	pass
>>END_MODULE
