##FastQC	0.10.1
>>Basic Statistics	pass
#Measure	Value	
Filename	c4.2.fq	
File type	Conventional base calls	
Encoding	Sanger / Illumina 1.9	
Total Sequences	25034158	
Filtered Sequences	0	
Sequence length	50-90	
%GC	37	
>>END_MODULE
>>Per base sequence quality	pass
#Base	Mean	Median	Lower Quartile	Upper Quartile	10th Percentile	90th Percentile
1	37.02275542880252	39.0	37.0	39.0	33.0	39.0
2	36.99674524703407	39.0	37.0	39.0	33.0	39.0
3	36.974263644097796	39.0	37.0	39.0	33.0	39.0
4	38.12700810628422	40.0	38.0	41.0	33.0	41.0
5	38.12182362993794	40.0	38.0	41.0	33.0	41.0
6	38.11244424517893	40.0	37.0	41.0	33.0	41.0
7	38.0654019200486	40.0	37.0	41.0	33.0	41.0
8	38.08149461228135	40.0	37.0	41.0	33.0	41.0
9	38.096476901679694	40.0	37.0	41.0	33.0	41.0
10-14	37.93028359092405	39.6	37.0	41.0	33.0	41.0
15-19	38.018456318762546	40.0	37.0	41.0	33.0	41.0
20-24	37.80191507139965	39.0	37.0	41.0	33.0	41.0
25-29	37.67362159334458	39.0	37.0	41.0	32.6	41.0
30-34	37.4136648015084	39.0	36.0	40.0	31.6	41.0
35-39	37.13250986911563	38.8	35.4	40.0	31.0	41.0
40-44	36.44193233101748	37.8	34.6	39.6	30.6	40.6
45-49	36.710817731517075	38.0	35.0	40.0	31.0	41.0
50-54	36.24318952359426	37.6	34.2	40.0	30.2	41.0
55-59	35.64437902494075	36.4	34.0	39.4	29.6	41.0
60-64	34.99339440114521	35.4	33.2	38.6	29.0	40.0
65-69	34.30700344390631	35.0	33.0	37.2	29.0	39.4
70-74	33.65391201499036	35.0	32.2	36.0	28.8	38.4
75-79	33.066725813384075	34.0	32.0	35.2	27.6	36.8
80-84	32.65000935318346	34.0	31.2	35.0	27.0	36.0
85-89	32.56174766102064	34.0	31.0	35.0	27.0	35.4
90	32.71070612154539	34.0	31.0	35.0	29.0	35.0
>>END_MODULE
>>Per sequence quality scores	pass
#Quality	Count
24	28.0
25	502.0
26	4795.0
27	27598.0
28	105037.0
29	287286.0
30	607683.0
31	1044928.0
32	1538447.0
33	2034888.0
34	2530663.0
35	3061774.0
36	3683408.0
37	4211135.0
38	3966303.0
39	1841296.0
40	88387.0
>>END_MODULE
>>Per base sequence content	warn
#Base	G	A	T	C
1	20.904250104996542	32.51385566872271	24.467150043552493	22.114744182728256
2	19.320159438494006	27.234119214567485	32.27461896480821	21.171102382130297
3	17.853166861054405	30.045092788820778	33.66202290486463	18.439717445260193
4	17.677471624069465	30.683477777981498	33.3139637975427	18.32508680040634
5	18.682142391920852	30.613221605335532	31.88152207080805	18.823113931935566
6	19.231130277167853	30.14722095550416	31.046243695392423	19.575405071935563
7	18.67198457531136	30.88233226354142	31.427910959396588	19.01777220175063
8	18.742228118876618	30.837649902185643	31.170694856204072	19.249427122733668
9	18.952804195132945	30.415696508685553	30.896631493783712	19.734867802397787
10-14	18.632475825771696	31.44227124609134	31.24433596296779	18.68091696516917
15-19	18.555883664773066	31.1220358173384	31.434684816342713	18.887395701545824
20-24	18.615985054084543	31.09739974711512	31.33807810923167	18.94853708956867
25-29	18.624100114136105	31.127405299649315	31.42218426695345	18.82631031926113
30-34	18.588677271344288	31.174921512767096	31.381721546346846	18.85467966954177
35-39	18.728393060412376	31.062466580144303	31.398949417269083	18.810190942174234
40-44	18.713504977967403	31.259721576781246	31.156253245818366	18.870520199432985
45-49	18.805152565125802	31.073139280423856	31.155278283802133	18.96642987064821
50-54	18.887673288434385	30.99472606345887	31.181056188768597	18.93654445933814
55-59	18.73832112671678	31.173886871554235	31.2717160698472	18.816075931881784
60-64	18.773730020323637	31.18150857352129	31.230044537624046	18.814716868531033
65-69	18.724607437892253	31.2292735196061	31.25746105004651	18.788657992455143
70-74	18.64611513082754	31.318521650111027	31.30323483119273	18.732128387868705
75-79	18.586477331080943	31.409813727256434	31.34042200088576	18.663286940776867
80-84	18.436254063456335	31.453236458461102	31.475694243475694	18.634815234606865
85-89	18.176097562950666	31.680640143916715	31.745473650382845	18.397788642749777
90	18.461559916708097	31.314706847733433	31.260538718549014	18.96319451700946
>>END_MODULE
>>Per base GC content	warn
#Base	%GC
1	43.018994287724794
2	40.4912618206243
3	36.2928843063146
4	36.00255842447581
5	37.505256323856415
6	38.80653534910341
7	37.68975677706199
8	37.99165524161028
9	38.68767199753073
10-14	37.31339279094087
15-19	37.44327936631889
20-24	37.564522143653214
25-29	37.45041043339723
30-34	37.443356940886055
35-39	37.53858400258661
40-44	37.584025177400385
45-49	37.77158243577401
50-54	37.82421774777253
55-59	37.55439705859857
60-64	37.58844688885467
65-69	37.513265430347396
70-74	37.378243518696245
75-79	37.24976427185781
80-84	37.0710692980632
85-89	36.57388620570044
90	37.42475443371756
>>END_MODULE
>>Per sequence GC content	warn
#GC Content	Count
0	309.0
1	316.0
2	407.0
3	732.0
4	1287.5
5	2159.5
6	3622.0
7	5511.5
8	8520.0
9	13315.5
10	16780.0
11	20845.0
12	28605.5
13	38058.5
14	51105.0
15	68981.0
16	89262.0
17	117545.5
18	155241.0
19	200204.0
20	228984.0
21	263125.5
22	330708.0
23	418370.5
24	520233.5
25	619498.0
26	713755.5
27	821841.0
28	911520.0
29	970147.5
30	1007907.5
31	1054383.5
32	1109881.5
33	1126821.0
34	1151360.5
35	1162693.5
36	1149267.5
37	1118403.5
38	1063659.5
39	1016180.5
40	993592.5
41	943136.0
42	857425.5
43	788026.0
44	730534.5
45	681689.5
46	623346.0
47	566460.0
48	517873.5
49	479055.5
50	461194.0
51	432320.5
52	395875.0
53	362836.0
54	322180.5
55	285702.5
56	254973.0
57	227703.5
58	199040.5
59	178998.5
60	171245.5
61	157030.5
62	141099.5
63	125591.0
64	106765.0
65	92846.0
66	79372.0
67	69176.0
68	57649.0
69	46905.5
70	43461.5
71	40953.5
72	36992.0
73	32092.0
74	27778.0
75	24744.0
76	21780.0
77	18507.0
78	14208.5
79	9244.0
80	5812.5
81	3066.5
82	1053.5
83	432.5
84	221.5
85	141.5
86	88.5
87	56.0
88	35.5
89	19.0
90	10.0
91	5.0
92	4.0
93	4.5
94	3.5
95	1.5
96	0.0
97	0.0
98	0.0
99	0.0
100	0.0
>>END_MODULE
>>Per base N content	pass
#Base	N-Count
1	0.0
2	2.1171073538802464E-4
3	0.0
4	3.99454217713254E-6
5	1.0785263878257857E-4
6	3.4353062723339845E-4
7	2.3967253062795243E-5
8	0.0
9	1.99727108856627E-5
10-14	0.010154126214270918
15-19	5.672249891528207E-5
20-24	2.3967253062795242E-6
25-29	4.393996394845794E-5
30-34	9.107556163862191E-5
35-39	5.352686517357604E-5
40-44	9.82657375574605E-5
45-49	3.834760490047239E-5
50-54	5.864183611733977E-5
55-59	3.5672082398951295E-4
60-64	6.977611055699096E-5
65-69	8.47184661348945E-6
70-74	2.0786604973177918E-5
75-79	4.44237812655461E-6
80-84	8.24878784062682E-6
85-89	0.0
90	0.0
>>END_MODULE
>>Sequence Length Distribution	warn
#Length	Count
50	58669.0
51	72602.0
52	77635.0
53	78532.0
54	81261.0
55	83504.0
56	79229.0
57	83167.0
58	84495.0
59	84028.0
60	86937.0
61	84969.0
62	86896.0
63	93691.0
64	97796.0
65	93647.0
66	97449.0
67	98746.0
68	101288.0
69	103869.0
70	106669.0
71	104934.0
72	105720.0
73	116852.0
74	117531.0
75	116384.0
76	121283.0
77	129005.0
78	130487.0
79	135599.0
80	142580.0
81	150214.0
82	155397.0
83	167724.0
84	184995.0
85	198207.0
86	212720.0
87	225669.0
88	245787.0
89	503760.0
90	1.9934231E7
>>END_MODULE
>>Sequence Duplication Levels	fail
#Total Duplicate Percentage	70.89960527391924
#Duplication Level	Relative count
1	100.0
2	36.221229513046566
3	21.654044139400035
4	14.700313590911781
5	10.836636885391396
6	8.564581977397786
7	7.069108336784805
8	5.992248979350334
9	5.193479675758831
10++	85.60883971362641
>>END_MODULE
>>Overrepresented sequences	pass
>>END_MODULE
>>Kmer Content	pass
>>END_MODULE
