##FastQC	0.10.1
>>Basic Statistics	pass
#Measure	Value	
Filename	c3.1.fq	
File type	Conventional base calls	
Encoding	Sanger / Illumina 1.9	
Total Sequences	24653482	
Filtered Sequences	0	
Sequence length	100	
%GC	38	
>>END_MODULE
>>Per base sequence quality	pass
#Base	Mean	Median	Lower Quartile	Upper Quartile	10th Percentile	90th Percentile
1	31.604024129329886	31.0	31.0	34.0	30.0	34.0
2	31.766898931355822	31.0	31.0	34.0	30.0	34.0
3	31.841053608573425	31.0	31.0	34.0	30.0	34.0
4	35.46595921014322	37.0	35.0	37.0	33.0	37.0
5	35.468828135514485	37.0	35.0	37.0	33.0	37.0
6	35.49087130978091	37.0	35.0	37.0	33.0	37.0
7	35.544985937483396	37.0	35.0	37.0	33.0	37.0
8	35.461479193892366	37.0	35.0	37.0	33.0	37.0
9	37.024125517036495	39.0	37.0	39.0	33.0	39.0
10-14	37.15855054470602	39.2	37.0	39.4	33.0	39.4
15-19	37.92435261680277	40.0	37.0	41.0	32.8	41.0
20-24	37.67447840430816	39.2	36.8	41.0	32.0	41.0
25-29	37.20234136500475	39.0	36.0	40.2	31.2	41.0
30-34	37.18827496253876	39.0	36.0	40.0	31.0	41.0
35-39	36.73411952924134	38.6	35.4	40.0	30.0	41.0
40-44	36.12488314632392	38.0	34.6	40.0	29.0	41.0
45-49	35.72655240342927	38.0	34.0	40.0	27.6	41.0
50-54	35.372089922226806	38.0	33.4	40.0	27.0	41.0
55-59	34.738390017280324	37.0	32.6	40.0	26.0	41.0
60-64	34.18322069069189	36.0	32.0	39.0	26.0	40.8
65-69	33.16868148685853	35.0	31.0	38.6	23.8	40.0
70-74	32.089757560412764	34.4	30.0	37.4	22.0	39.8
75-79	30.728637918165067	33.8	28.8	36.0	19.8	39.0
80-84	30.04649518473699	33.8	29.0	35.2	17.2	37.4
85-89	28.986088715581836	33.0	27.8	35.0	9.2	36.2
90-94	27.70438580643497	32.4	26.0	34.8	2.0	35.4
95-99	25.819630728024542	31.6	23.4	34.0	2.0	35.0
100	24.535234454913915	31.0	18.0	34.0	2.0	35.0
>>END_MODULE
>>Per sequence quality scores	pass
#Quality	Count
12	2.0
13	28.0
14	432.0
15	3445.0
16	14825.0
17	39871.0
18	79405.0
19	124339.0
20	169458.0
21	207836.0
22	244610.0
23	289198.0
24	345141.0
25	417700.0
26	506104.0
27	612879.0
28	737778.0
29	876567.0
30	1038377.0
31	1215878.0
32	1429368.0
33	1691696.0
34	2025523.0
35	2474553.0
36	3022204.0
37	3434980.0
38	2885127.0
39	763035.0
40	3123.0
>>END_MODULE
>>Per base sequence content	fail
#Base	G	A	T	C
1	22.258946061735056	20.268377186231074	14.293664148394841	43.17901260363903
2	19.029565704845115	24.958071697630285	42.114268643324785	13.898093954199817
3	16.576623695013744	30.905801426660982	31.49490884135299	21.022666036972275
4	21.592614591080487	34.48005612309761	24.767172628582912	19.16015665723899
5	20.83398604708252	37.98237100949878	26.375337163326463	14.80830578009224
6	14.859288436416406	41.420238325766725	28.190569591751785	15.529903646065089
7	14.374196715904066	19.022185182604225	49.01758704916409	17.58603105232762
8	15.821647424895193	25.59952383196824	34.65776152837153	23.92106721476504
9	18.80417541019155	23.72894019595285	36.86257381411681	20.604310579738797
10-14	18.754644070156093	32.217139144888336	29.95444943639199	19.07376734856358
15-19	18.994978478090843	30.57971527105177	31.167586793622093	19.25771945723529
20-24	18.81839560741666	31.409672498055595	31.05735995762294	18.714571936904804
25-29	18.78759807207315	31.050553827713596	31.270787730305223	18.891060369908036
30-34	18.791433617725005	31.03019493303186	31.224872016851524	18.953499432391606
35-39	18.935000508448336	30.9997440924976	31.201099367921852	18.86415603113221
40-44	18.90421155709336	31.011487014695266	31.21041018636687	18.873891241844504
45-49	19.06674240447755	30.888931993027192	31.222846826605196	18.821478775890064
50-54	19.034665675780253	31.049096935663645	31.01343706359105	18.902800324965057
55-59	19.12407844964114	30.908721379874223	30.97774692416874	18.9894532463159
60-64	19.085838427667134	30.8777954450017	31.061515067826527	18.974851059504637
65-69	19.080185498553973	31.002631223366027	31.005647430995854	18.911535847084146
70-74	19.15583851400788	30.96232572745708	30.913863607582897	18.967972150952146
75-79	19.14614694073979	30.94805894597027	30.930438617276995	18.97535549601294
80-84	19.15436294924223	30.996204088167644	30.833622515067898	19.015810447522227
85-89	19.181770355248165	31.001246477676368	30.797828459847644	19.019154707227827
90-94	19.17707376865952	30.9575480286988	30.79520798661866	19.070170216023026
95-99	19.173736394064193	31.082325542647997	30.780831829561343	18.963106233726464
100	19.293116485533364	30.751368102891103	30.59933684012668	19.356178571448854
>>END_MODULE
>>Per base GC content	fail
#Base	%GC
1	65.43795866537408
2	32.927659659044934
3	37.59928973198602
4	40.752771248319476
5	35.64229182717476
6	30.389192082481493
7	31.960227768231686
8	39.74271463966023
9	39.40848598993035
10-14	37.828411418719675
15-19	38.25269793532613
20-24	37.532967544321465
25-29	37.678658441981185
30-34	37.744933050116614
35-39	37.799156539580544
40-44	37.778102798937866
45-49	37.888221180367616
50-54	37.93746600074531
55-59	38.113531695957036
60-64	38.06068948717177
65-69	37.99172134563812
70-74	38.123810664960025
75-79	38.121502436752735
80-84	38.170173396764454
85-89	38.200925062475996
90-94	38.24724398468254
95-99	38.13684262779066
100	38.64929505698221
>>END_MODULE
>>Per sequence GC content	warn
#GC Content	Count
0	68.0
1	79.5
2	128.0
3	247.5
4	448.0
5	778.0
6	1369.5
7	2265.5
8	3509.0
9	5526.5
10	8389.0
11	12053.0
12	17472.5
13	24119.0
14	32107.5
15	42453.0
16	55197.0
17	73264.5
18	95751.0
19	122503.5
20	155292.0
21	197467.5
22	249842.0
23	311695.5
24	384951.0
25	462790.5
26	547303.5
27	635598.5
28	715301.5
29	775521.5
30	836959.5
31	905695.0
32	945883.0
33	955810.0
34	969404.5
35	995042.5
36	1017223.5
37	1007160.5
38	951746.0
39	899227.5
40	854835.5
41	794337.0
42	736080.0
43	695511.0
44	652260.0
45	599789.0
46	554751.5
47	504114.0
48	457324.0
49	427480.0
50	402438.0
51	378160.0
52	350964.0
53	325580.0
54	295129.5
55	263903.5
56	242071.0
57	222457.0
58	201665.0
59	179628.5
60	152787.0
61	127077.0
62	111598.5
63	98522.0
64	87641.5
65	80290.5
66	68158.0
67	56478.5
68	52485.5
69	48592.0
70	38832.0
71	30164.5
72	25515.0
73	21635.0
74	20931.0
75	18746.0
76	15877.5
77	14482.0
78	10763.5
79	6763.5
80	4308.5
81	2822.0
82	1644.5
83	751.5
84	293.5
85	113.0
86	49.0
87	25.5
88	13.0
89	9.5
90	3.5
91	2.0
92	2.0
93	0.5
94	0.0
95	1.0
96	1.0
97	1.5
98	3.0
99	3.0
100	3.0
>>END_MODULE
>>Per base N content	pass
#Base	N-Count
1	0.02497010361457258
2	3.528913278862596E-4
3	0.0010262242063818815
4	0.007933970544201424
5	0.0
6	0.0
7	0.0
8	0.0
9	0.0
10-14	0.0
15-19	0.0
20-24	5.857184798479988E-4
25-29	2.3120466309789424E-4
30-34	1.6630510854409936E-4
35-39	1.7441755286332373E-4
40-44	1.8009626388678079E-4
45-49	4.05622215961218E-5
50-54	1.622488863844872E-6
55-59	8.11244431922436E-7
60-64	1.8577497491023784E-4
65-69	2.7582310685362824E-5
70-74	0.0
75-79	5.654373690499379E-4
80-84	4.7052177051501284E-5
85-89	4.867466591534616E-5
90-94	1.8252999718254808E-4
95-99	1.3223284240335706E-4
100	0.0
>>END_MODULE
>>Sequence Length Distribution	pass
#Length	Count
100	2.4653482E7
>>END_MODULE
>>Sequence Duplication Levels	fail
#Total Duplicate Percentage	71.79689181626415
#Duplication Level	Relative count
1	100.0
2	38.62439515821288
3	22.700838001618
4	15.29162151023461
5	11.759498114877964
6	9.024163143192954
7	7.360371224031872
8	6.253720635599041
9	5.255445484102392
10++	89.01286767511792
>>END_MODULE
>>Overrepresented sequences	pass
>>END_MODULE
>>Kmer Content	warn
#Sequence	Count	Obs/Exp Overall	Obs/Exp Max	Max Obs/Exp Position
AAAAA	16326705	2.4711492	5.876837	2
TTTTT	16863725	2.470153	5.313113	2
CGCCG	1264115	2.115591	5.4755697	1
CGAGG	1931645	2.02825	5.546868	1
CGACG	1951315	2.0278568	7.8366394	1
CGGCG	1156495	1.955569	5.0143967	1
CGCGG	1073360	1.8149923	5.842551	1
CGCGA	1654345	1.7192378	6.260828	1
TCGAG	2667045	1.7098539	5.2645845	7
CTCGA	2691425	1.7077594	8.479816	1
CGAGA	2519395	1.6258142	5.617957	1
CTGGA	2448840	1.5699615	6.8670664	1
CTTTT	6545360	1.5541222	6.200757	1
CGCCA	1510320	1.5534406	5.2399006	1
CGATC	2438315	1.5471563	5.1682606	4
ATCGA	3924505	1.546301	5.656115	6
CTTCG	2411460	1.5201219	5.990597	1
CGAAG	2341445	1.5109795	5.3564405	1
CTCCA	2403265	1.5092523	5.651427	1
CCGGC	874540	1.4636081	5.1911035	1
CTCGT	2306620	1.4540337	7.2591195	1
CTCGC	1406250	1.4369519	6.3998895	1
CTCGG	1360190	1.4043117	7.7973504	1
CTGGC	1317135	1.35986	5.0336504	1
CGAAA	3399110	1.3480946	5.796903	1
GAATC	3257020	1.2833041	5.414261	4
AATCG	3162620	1.2461092	5.100281	5
CTTGG	1921720	1.2239755	5.6567364	1
CTTGA	3068075	1.2009616	5.422205	1
>>END_MODULE
