##FastQC	0.10.1
>>Basic Statistics	pass
#Measure	Value	
Filename	c2.1.fq	
File type	Conventional base calls	
Encoding	Sanger / Illumina 1.9	
Total Sequences	20716238	
Filtered Sequences	0	
Sequence length	50-90	
%GC	37	
>>END_MODULE
>>Per base sequence quality	pass
#Base	Mean	Median	Lower Quartile	Upper Quartile	10th Percentile	90th Percentile
1	37.604770180763516	39.0	37.0	39.0	35.0	39.0
2	37.5358047151225	39.0	37.0	39.0	35.0	39.0
3	37.539212187077595	39.0	37.0	39.0	35.0	39.0
4	38.84610299418263	40.0	38.0	41.0	35.0	41.0
5	38.82045514248291	40.0	38.0	41.0	35.0	41.0
6	38.76538800143153	40.0	38.0	41.0	35.0	41.0
7	38.7361829401651	40.0	38.0	41.0	35.0	41.0
8	38.68588312221553	40.0	38.0	41.0	35.0	41.0
9	38.709260532727995	40.0	38.0	41.0	35.0	41.0
10-14	38.55222066863685	40.0	38.0	41.0	34.0	41.0
15-19	38.27461062187063	40.0	37.8	41.0	34.0	41.0
20-24	38.33030057870546	40.0	38.0	41.0	34.0	41.0
25-29	38.05885382278385	39.8	37.2	41.0	33.2	41.0
30-34	37.63138337182649	39.0	36.6	40.4	32.6	41.0
35-39	37.36652415366149	39.0	36.0	40.0	32.0	41.0
40-44	37.092826467817176	38.6	35.2	40.0	31.2	41.0
45-49	36.47151901807654	38.0	34.6	40.0	30.6	41.0
50-54	35.88949195882085	37.2	34.0	40.0	29.4	41.0
55-59	35.20986567175491	36.2	33.4	39.0	28.8	40.4
60-64	34.522240347491184	35.0	32.8	38.4	28.4	40.0
65-69	33.659997773522406	34.6	31.8	36.4	27.8	39.2
70-74	33.44049972275023	34.6	32.0	36.0	27.8	38.2
75-79	32.88593924217032	34.0	31.4	35.0	27.0	36.8
80-84	32.448499705153395	34.0	31.0	35.0	27.0	36.0
85-89	32.174356691651575	34.0	31.0	35.0	26.4	35.0
90	32.3442955930083	34.0	31.0	35.0	27.0	35.0
>>END_MODULE
>>Per sequence quality scores	pass
#Quality	Count
24	3.0
25	116.0
26	1465.0
27	10604.0
28	48638.0
29	155997.0
30	374349.0
31	725736.0
32	1191043.0
33	1725884.0
34	2260324.0
35	2761901.0
36	3221652.0
37	3524583.0
38	3201409.0
39	1442817.0
40	69717.0
>>END_MODULE
>>Per base sequence content	warn
#Base	G	A	T	C
1	21.106998288009628	32.53421301686146	24.2224577647737	22.13633093035521
2	19.403218866282575	27.246496202640653	32.078362876502965	21.271922054573807
3	17.963261476335614	30.109062272792965	33.65795951948418	18.269716731387234
4	17.8091360023958	30.609322020725966	33.14938262439348	18.43215935248475
5	18.82147714271288	30.559124682773003	31.71253390697674	18.90686426753738
6	19.3898525398289	30.15547031270832	30.920179619484966	19.534497527977813
7	18.94579025400268	30.760536734517146	31.15009105417692	19.14358195730325
8	18.87848073573976	30.762824794733483	31.066094143154753	19.292600326371996
9	19.19375998673118	30.377083908767606	30.82260398823377	19.60655211626744
10-14	18.845331120652553	31.36799004753191	31.03110632851592	18.75557250329961
15-19	18.785802893226105	31.047153745261603	31.23464628312	18.93239707839229
20-24	18.773355230746247	31.04038217905711	31.21901597071885	18.967246619477788
25-29	18.856790504144623	31.01221756575687	31.214645245917723	18.916346684180784
30-34	18.824274346032794	31.042476554719567	31.213104062872883	18.920145036374752
35-39	18.943856505220687	30.93320128876681	31.233721103223473	18.88922110278903
40-44	18.92576827897034	31.082921522720486	31.04042152827169	18.950888670037486
45-49	19.04181058356252	30.955651310821974	30.973822563729957	19.02871554188555
50-54	19.0792175998749	30.896590876531153	31.013508965588244	19.010682558005705
55-59	18.97771482758675	31.06656290622259	31.055384841078432	18.90033742511223
60-64	18.971077576646213	31.076645962921212	31.025382593190855	18.926893867241716
65-69	18.865276398488604	31.088280998113433	31.1540395555021	18.89240304789586
70-74	18.784529616211344	31.1913428096369	31.153856333289664	18.870271240862095
75-79	18.71932941910614	31.262143300241846	31.241635632471244	18.77689164818077
80-84	18.527721640763993	31.296613143684937	31.452467862092355	18.72319735345872
85-89	18.195536608734912	31.571384221588616	31.706575653783492	18.526503515892983
90	18.354875285047985	31.298534871666938	31.421862539883605	18.924727303401472
>>END_MODULE
>>Per base GC content	warn
#Base	%GC
1	43.24332921836484
2	40.675140920856386
3	36.23297820772285
4	36.241295354880556
5	37.72834141025026
6	38.924350067806714
7	38.089372211305935
8	38.17108106211176
9	38.800312102998625
10-14	37.60090362395216
15-19	37.7181999716184
20-24	37.74060185022404
25-29	37.773137188325414
30-34	37.74441938240754
35-39	37.83307760800972
40-44	37.876656949007824
45-49	38.07052612544807
50-54	38.0899001578806
55-59	37.87805225269898
60-64	37.89797144388793
65-69	37.757679446384465
70-74	37.65480085707344
75-79	37.49622106728691
80-84	37.25091899422271
85-89	36.72204012462789
90	37.27960258844945
>>END_MODULE
>>Per sequence GC content	warn
#GC Content	Count
0	219.0
1	231.0
2	311.0
3	569.0
4	1008.5
5	1752.0
6	2943.5
7	4413.5
8	6603.0
9	10204.5
10	13026.5
11	16136.5
12	22005.5
13	29193.0
14	38907.0
15	51936.5
16	66997.0
17	88728.0
18	117505.5
19	153041.5
20	177587.0
21	207218.0
22	263066.5
23	334477.5
24	419439.5
25	504626.5
26	587454.5
27	678366.0
28	753336.5
29	806334.5
30	840299.5
31	875807.5
32	923545.5
33	941155.5
34	959999.0
35	968634.5
36	952339.0
37	926898.0
38	882036.5
39	838161.5
40	818480.0
41	778880.0
42	708199.0
43	650544.5
44	604935.5
45	565641.5
46	519911.5
47	477188.5
48	441290.0
49	413182.0
50	400268.5
51	379804.5
52	353848.0
53	323805.0
54	287230.5
55	256084.0
56	230702.0
57	209539.0
58	185579.5
59	165603.5
60	155108.0
61	141519.0
62	126303.5
63	110982.5
64	93412.5
65	80460.0
66	68096.5
67	59224.0
68	51001.0
69	41585.5
70	37070.0
71	33343.5
72	28034.0
73	22781.0
74	19635.0
75	20151.5
76	19572.0
77	16055.0
78	11621.5
79	7063.5
80	4073.5
81	2191.5
82	935.5
83	471.0
84	236.5
85	137.5
86	91.0
87	56.5
88	41.0
89	27.0
90	15.5
91	10.0
92	9.0
93	10.5
94	9.0
95	3.5
96	1.0
97	0.5
98	0.0
99	0.0
100	0.0
>>END_MODULE
>>Per base N content	pass
#Base	N-Count
1	0.0
2	0.0
3	0.0
4	0.0
5	0.0
6	0.0
7	0.0
8	0.0
9	0.0
10-14	4.730588632936154E-5
15-19	9.654262516196232E-7
20-24	3.861705006478493E-6
25-29	0.0
30-34	1.9308525032392463E-6
35-39	0.0
40-44	0.0
45-49	0.0
50-54	4.370731464735554E-5
55-59	1.977368640212724E-6
60-64	0.0
65-69	2.800089188025989E-5
70-74	0.0
75-79	1.0962563503389735E-6
80-84	1.1382072345977028E-6
85-89	0.0
90	0.0
>>END_MODULE
>>Sequence Length Distribution	warn
#Length	Count
50	54049.0
51	69510.0
52	65390.0
53	68089.0
54	68614.0
55	77261.0
56	81817.0
57	85200.0
58	83516.0
59	84886.0
60	88202.0
61	92952.0
62	95964.0
63	106388.0
64	105951.0
65	105436.0
66	98789.0
67	99090.0
68	100454.0
69	100232.0
70	98593.0
71	98144.0
72	99180.0
73	105202.0
74	108413.0
75	113291.0
76	113718.0
77	118069.0
78	124584.0
79	132466.0
80	137333.0
81	150281.0
82	162539.0
83	181224.0
84	196735.0
85	220396.0
86	233980.0
87	250419.0
88	255807.0
89	506872.0
90	1.5577202E7
>>END_MODULE
>>Sequence Duplication Levels	fail
#Total Duplicate Percentage	67.45493329603273
#Duplication Level	Relative count
1	100.0
2	34.547505842533646
3	19.444220592580653
4	13.284712708518011
5	9.627420957906896
6	7.6946839659387
7	6.155478550514411
8	5.075617159588471
9	4.406747790582104
10++	68.38584898057861
>>END_MODULE
>>Overrepresented sequences	pass
>>END_MODULE
>>Kmer Content	pass
>>END_MODULE
