##FastQC	0.10.1
>>Basic Statistics	pass
#Measure	Value	
Filename	t1.1.fq	
File type	Conventional base calls	
Encoding	Sanger / Illumina 1.9	
Total Sequences	20734354	
Filtered Sequences	0	
Sequence length	100	
%GC	38	
>>END_MODULE
>>Per base sequence quality	pass
#Base	Mean	Median	Lower Quartile	Upper Quartile	10th Percentile	90th Percentile
1	31.616518942427625	31.0	31.0	34.0	30.0	34.0
2	31.77949971337424	31.0	31.0	34.0	30.0	34.0
3	31.856957684816223	31.0	31.0	34.0	30.0	34.0
4	35.47483934151023	37.0	35.0	37.0	33.0	37.0
5	35.48288198416984	37.0	35.0	37.0	33.0	37.0
6	35.50679085540837	37.0	35.0	37.0	33.0	37.0
7	35.5558769759598	37.0	35.0	37.0	33.0	37.0
8	35.48033191677927	37.0	35.0	37.0	33.0	37.0
9	37.04005111516857	39.0	37.0	39.0	33.0	39.0
10-14	37.18018942861688	39.2	37.0	39.4	33.0	39.4
15-19	37.95534436230808	40.0	37.0	41.0	33.0	41.0
20-24	37.70476620588228	39.2	36.8	41.0	32.0	41.0
25-29	37.23223333603738	39.0	36.0	40.2	31.2	41.0
30-34	37.2205041353109	39.0	36.0	40.0	31.0	41.0
35-39	36.76826506386453	38.8	35.4	40.0	30.0	41.0
40-44	36.16029548834751	38.0	34.6	40.0	29.0	41.0
45-49	35.765847790579826	38.0	34.0	40.0	28.0	41.0
50-54	35.41264431001805	38.0	33.4	40.0	27.0	41.0
55-59	34.782872270821656	37.0	33.0	40.0	26.0	41.0
60-64	34.230495919959694	36.0	32.0	39.2	26.0	40.8
65-69	33.22026872889312	35.0	31.0	38.6	24.2	40.0
70-74	32.14439443833167	34.4	30.2	37.4	22.2	39.8
75-79	30.78019389463496	33.8	28.8	36.2	19.8	39.0
80-84	30.091033518575017	34.0	29.0	35.2	17.4	37.4
85-89	29.0283941134602	33.0	27.8	35.0	9.8	36.2
90-94	27.74376521207268	32.4	26.0	34.8	2.0	35.4
95-99	25.855986784058956	31.6	23.4	34.0	2.0	35.0
100	24.567234648352198	31.0	18.0	34.0	2.0	35.0
>>END_MODULE
>>Per sequence quality scores	pass
#Quality	Count
12	3.0
13	29.0
14	370.0
15	2763.0
16	12351.0
17	32810.0
18	65796.0
19	103621.0
20	139582.0
21	172268.0
22	202511.0
23	239365.0
24	286682.0
25	346303.0
26	420270.0
27	510512.0
28	613115.0
29	731637.0
30	865357.0
31	1015638.0
32	1194335.0
33	1414674.0
34	1701527.0
35	2083665.0
36	2552964.0
37	2916506.0
38	2468642.0
39	638823.0
40	2235.0
>>END_MODULE
>>Per base sequence content	fail
#Base	G	A	T	C
1	23.94556327985542	19.414476447596275	16.90613111149307	39.733829161055226
2	20.389456682101663	25.5372868203221	39.05491729392933	15.01833920364691
3	17.901504623941438	31.166841603497534	29.921654375913437	21.00999939664759
4	22.07713274624316	34.985272261665386	23.84853222070486	19.089062771386597
5	21.02628323988295	38.062049099769396	25.769879302726288	15.141788357621365
6	15.179923136259754	41.3783665505084	27.816477909077854	15.625232404153994
7	14.424302777892187	18.74224294617522	49.08475566685125	17.748698609081334
8	16.57815816205318	25.516348375261654	33.48429857038228	24.421194892302893
9	19.318981435351205	23.939274886499962	35.84806645049081	20.89367722765802
10-14	18.921917702379346	32.23249781497895	29.743806824172097	19.101777658469608
15-19	19.13224882723619	30.470689368957434	31.048922961380903	19.348138842425474
20-24	19.003451662630543	31.289389556393477	30.848587280721883	18.8585715002541
25-29	18.9740575589173	30.98071643514686	31.0490630568096	18.996162949126244
30-34	18.94375050779352	30.946693416913433	31.06945513807079	19.040100937222256
35-39	19.081952151046853	30.874465022078184	31.022435196504404	19.021147630370557
40-44	19.069156707233624	30.889655527913128	31.02021591957463	19.020971845278613
45-49	19.20901843618473	30.77254210914469	31.036311242484345	18.982128212186232
50-54	19.20552161119195	30.881441793474174	30.82296975177495	19.090066843558926
55-59	19.309493985773504	30.748585953038	30.804326296390293	19.137593764798204
60-64	19.250821459490496	30.738926935961697	30.898583040736256	19.111668563811552
65-69	19.27326905622051	30.813966869157728	30.804180209653666	19.108583864968097
70-74	19.366534586672287	30.80791068588788	30.714123340559567	19.11143138688026
75-79	19.326443123678487	30.782359560068954	30.759569228686907	19.131628087565648
80-84	19.350272529417467	30.834345759631475	30.623089546945405	19.192292164005654
85-89	19.382137753154023	30.835690702412116	30.582123955755453	19.200047588678405
90-94	19.37264353829174	30.800700485080835	30.609589298560657	19.217066678066768
95-99	19.377887393155994	30.92672982669263	30.539740469869347	19.15564231028203
100	19.468959582729223	30.641581599310978	30.45901502405139	19.43044379390841
>>END_MODULE
>>Per base GC content	fail
#Base	%GC
1	63.679392440910654
2	35.40779588574857
3	38.91150402058903
4	41.16619551762975
5	36.168071597504316
6	30.805155540413747
7	32.173001386973525
8	40.99935305435607
9	40.21265866300923
10-14	38.02369536084896
15-19	38.48038766966167
20-24	37.86202316288465
25-29	37.970220508043546
30-34	37.98385144501577
35-39	38.10309978141741
40-44	38.09012855251224
45-49	38.19114664837097
50-54	38.29558845475088
55-59	38.44708775057171
60-64	38.36249002330205
65-69	38.38185292118861
70-74	38.47796597355255
75-79	38.45807121124414
80-84	38.54256469342312
85-89	38.58218534183243
90-94	38.58971021635851
95-99	38.53352970343803
100	38.89940337663763
>>END_MODULE
>>Per sequence GC content	warn
#GC Content	Count
0	56.0
1	70.0
2	92.0
3	140.5
4	266.5
5	480.0
6	951.5
7	1515.5
8	2279.5
9	3655.0
10	5493.0
11	7912.5
12	11405.0
13	15619.0
14	20984.5
15	27980.5
16	36175.5
17	47577.0
18	63258.0
19	83120.5
20	107311.5
21	139554.5
22	180429.5
23	230165.0
24	291700.5
25	359164.5
26	434061.5
27	514014.0
28	587487.5
29	645180.5
30	702586.5
31	764062.0
32	803686.0
33	818687.0
34	835216.5
35	858192.5
36	876926.5
37	869763.5
38	819970.0
39	771232.5
40	733369.0
41	681640.0
42	631253.0
43	594959.5
44	556924.0
45	513874.0
46	473998.0
47	428996.5
48	391974.5
49	370014.0
50	351437.5
51	332282.0
52	307426.5
53	282944.5
54	256293.0
55	229531.0
56	208622.0
57	189141.0
58	170016.5
59	149633.0
60	125729.5
61	105103.5
62	93582.5
63	84514.0
64	76871.5
65	72475.5
66	62211.5
67	50288.0
68	45551.5
69	41672.5
70	32772.0
71	25253.5
72	22146.5
73	19065.0
74	18187.0
75	16074.0
76	13681.5
77	12764.0
78	9551.0
79	5714.5
80	3533.5
81	2350.0
82	1412.0
83	659.0
84	252.5
85	102.5
86	47.0
87	21.0
88	13.5
89	10.5
90	4.5
91	2.0
92	0.5
93	0.0
94	0.5
95	0.5
96	0.0
97	0.5
98	0.5
99	3.0
100	4.5
>>END_MODULE
>>Per base N content	pass
#Base	N-Count
1	0.024649911928772895
2	4.051247509326792E-4
3	9.790514814206413E-4
4	0.00823271368859623
5	0.0
6	0.0
7	0.0
8	0.0
9	0.0
10-14	0.0
15-19	0.0
20-24	5.517413274606964E-4
25-29	2.1510195109044632E-4
30-34	1.9581029628412826E-4
35-39	1.9484571354381236E-4
40-44	1.9870404450507596E-4
45-49	4.7264554275479233E-5
50-54	9.645827403159027E-7
55-59	9.645827403159027E-7
60-64	1.8712905162128514E-4
65-69	3.086664769010889E-5
70-74	9.645827403159027E-7
75-79	5.922538025539643E-4
80-84	2.5079151248213472E-5
85-89	5.112288523674285E-5
90-94	1.765186414778102E-4
95-99	1.78447806958442E-4
100	0.0
>>END_MODULE
>>Sequence Length Distribution	pass
#Length	Count
100	2.0734354E7
>>END_MODULE
>>Sequence Duplication Levels	fail
#Total Duplicate Percentage	70.93676865271068
#Duplication Level	Relative count
1	100.0
2	37.73732657614397
3	22.00617603167802
4	14.875666730692513
5	11.118334539974292
6	8.683382337731416
7	7.0108302182296365
8	5.904168082622893
9	5.155065675743562
10++	83.01295784636751
>>END_MODULE
>>Overrepresented sequences	pass
>>END_MODULE
>>Kmer Content	warn
#Sequence	Count	Obs/Exp Overall	Obs/Exp Max	Max Obs/Exp Position
AAAAA	12936880	2.3731494	6.0693073	2
CGCCG	1074345	2.0489914	5.3086715	1
CGAGG	1620795	1.947577	5.1713758	1
GAAAA	6617750	1.944307	5.2916083	1
CGACG	1590185	1.9021716	7.0210414	1
CGGCG	964985	1.8487641	5.3529778	1
TTCCA	3887125	1.8018987	5.2001414	6
AAAAT	9229790	1.6880921	5.101299	3
GGAAA	3583980	1.6864711	5.0421515	1
CGCGG	875625	1.6775639	5.919645	1
CTCGA	2204895	1.6418743	7.106328	1
TCGAG	2193940	1.6411234	5.3394027	7
CGCGA	1360140	1.6269927	6.134795	1
CTGGA	2161315	1.6167191	6.2711463	1
CGAGA	2108400	1.581833	5.0502267	1
CGCCA	1317490	1.5688622	5.2963333	1
ATCGA	3218305	1.5030893	5.818323	6
TCCAA	3211195	1.4929998	5.082394	7
CCGGC	769135	1.4668947	5.791278	1
CTCGT	1904200	1.4137523	6.1626363	1
CTCGC	1174655	1.3946224	5.358711	1
CTCGG	1116860	1.3320165	6.322742	1
CGAAA	2775095	1.2999499	5.104415	1
GAATC	2716645	1.2687922	5.514147	4
AATCG	2602520	1.2154907	5.2208877	5
>>END_MODULE
